1	0.12794052905
2	0.0180456529824
3	0.0506837470092
4	0.169735226933
5	0.115084229389
6	0.0465487749367
7	0.108657236291
8	0.0300322910209
9	0.0632441167725
10	0.0297165464542
11	0.104982524494
12	0.229592238076
13	0.218538108615
14	0.469701453586
15	0.199628963396
16	0.0147963814236
17	0.137515835673
18	0.035435730259
19	0.079760824946
20	0.163420408122
21	0.0153712920712
22	0.108473394573
23	0.0276733032414
24	0.033121738666
25	0.016943593322
26	0.186620006785
27	0.0269222764457
28	0.101633476927
29	0.0189785889225
30	0.197906111787
31	0.475317237284
32	0.045991156341
33	0.201156834801
34	0.138733219006
35	0.0256081975006
36	0.020469799749
37	0.0148261234488
38	0.074516889914
39	0.0168637844262
40	0.116915430959
41	0.225035015227
42	0.181193033961
43	0.0783095046404
44	0.102091586488
45	0.0483884900086
46	0.0263046581881
47	0.097488129797
48	0.019090244208
49	0.0482489814528
50	0.1039040132
51	0.0237072485354
52	0.0173158852446
53	0.014953371513
54	0.0164669326366
55	0.014959325236
56	0.0278490832571
57	0.0157591187822
58	0.075476892204
59	0.143716371346
60	0.462450747315
61	0.113667815615
62	0.0786220683933
63	0.0686946749029
64	0.0145279699666
65	0.184983989856
66	0.0158097587442
67	0.0213201382489
68	0.138695987477
69	0.0421279082258
70	0.0279214497452
71	0.138962341406
72	0.0855543172864
73	0.099637541009
74	0.0717341665913
75	0.0154778773802
76	0.072243762046
77	0.0390512876385
78	0.0452460080368
79	0.0276108011865
80	0.0169077605668
81	0.0141549805725
82	0.0157076207477
83	0.0421279082258
84	0.0443155155904
85	0.292568869477
86	0.210960531959
87	0.0992175618505
88	0.224349594673
89	0.103899071683
90	0.201000478003
91	0.258378314418
92	0.0173674544175
93	0.0174229019234
94	0.028801330397
95	0.134479160393
96	0.0309743933708
97	0.0310735181114
98	0.0722053500239
99	0.0255903683773
100	0.114233203071
101	0.017360611183
102	0.0233372156529
103	0.0805090418572
104	0.0169200551181
105	0.0155582196533
106	0.0484610279913
107	0.0728740901866
108	0.119462594693
109	0.0771847705832
110	0.0236182081562
111	0.015060439213
112	0.217095314851
113	0.0259612987581
114	0.0161221082965
115	0.403711807264
116	0.026602834766
117	0.129031556829
118	0.017132611382
119	0.475362260759
120	0.214742069754
121	0.0153215555123
122	0.0893370827314
123	0.0599179172204
124	0.0145165698852
125	0.0256229704174
126	0.0943246160775
127	0.110397312743
128	0.0312193323114
129	0.015517415736
130	0.0268422055736
131	0.0462596095941
132	0.0300035883563
133	0.0147424185385
134	0.0230481707296
135	0.0566434297169
136	0.0169158672555
137	0.0316101228179
138	0.10311638582
139	0.0169125595887
140	0.127427049239
141	0.0467815909379
142	0.162802852931
143	0.0304123048004
144	0.073329989598
145	0.0280136517326
146	0.0833785630795
147	0.152337402121
148	0.015837889741
149	0.0317481229839
150	0.0276804006722
151	0.0150417508417
152	0.0245643015087
153	0.0145628604042
154	0.0252524824919
155	0.062374575751
156	0.014302620081
157	0.0654184034382
158	0.188979846188
159	0.014497715978
160	0.19795398547
161	0.0270975875842
162	0.058131445747
163	0.0163599813172
164	0.0785764083971
165	0.0150185510669
166	0.0313713198154
167	0.0560368289814
168	0.205952145869
169	0.116534362273
170	0.199915358009
171	0.222055082972
172	0.234516810545
173	0.0986091807395
174	0.161876750427
175	0.174578687699
176	0.435404849135
177	0.112489495602
178	0.0942742841002
179	0.165014177517
180	0.016349638447
181	0.184487067557
182	0.0720250226745
183	0.132963376326
184	0.0266610644553
185	0.188112505626
186	0.0190659429101
187	0.197628271051
188	0.156119754173
189	0.0787849796588
190	0.015499503122
191	0.0841204957396
192	0.0139417435635
193	0.0232057487971
194	0.0694818581077
195	0.023995298077
196	0.0208022119291
197	0.0143699912234
198	0.037197613064
199	0.0144516492262
200	0.0359733164057
201	0.0618773202846
202	0.0644469544888
203	0.0845799181452
204	0.146737094342
205	0.0739046785743
206	0.0191508932957
207	0.0890430904235
208	0.0471882242985
209	0.165793323913
210	0.0240132547399
211	0.0373848839508
212	0.0260383321597
213	0.0925894237948
214	0.096786219269
215	0.0553331951087
216	0.202366367571
217	0.222561201923
218	0.016081880413
219	0.0413261219957
220	0.0285189212829
221	0.0604046147679
222	0.0412534788296
223	0.0163309716876
224	0.0275786507969
225	0.0205665877021
226	0.0146672611652
227	0.0170850694629
228	0.0173654152015
229	0.0217406630176
230	0.0830115144033
231	0.0141433988177
232	0.0157655666821
233	0.017560737862
234	0.014352101625
235	0.0257123555212
236	0.0769725822426
237	0.0641765498918
238	0.0143047547144
239	0.162337054765
240	0.0190134852918
241	0.0204831897117
242	0.0150999070871
243	0.0269426752777
244	0.0239719680652
245	0.0148430032193
246	0.0704727248617
247	0.0200529733061
248	0.138161884819
249	0.136554174721
250	0.311338190048
251	0.0812654364054
252	0.096881531446
253	0.0147467011002
254	0.0145245087452
255	0.149556288165
256	0.0153419086299
257	0.0146568282339
258	0.0305502049696
259	0.0233598437497
260	0.0276250740537
261	0.0139417435635
262	0.0720397136011
263	0.0235976239675
264	0.0508834658064
265	0.07593555511
266	0.0265229586337
267	0.0160622067465
268	0.0506683835209
269	0.116590738215
270	0.137723407011
271	0.0325060668102
272	0.0239598820397
273	0.0846951415512
274	0.199522693773
275	0.0143674134156
276	0.0320168022299
277	0.0881936204796
278	0.0156704812013
279	0.0269187658901
280	0.0154705664688
281	0.0328135072616
282	0.0843238202688
283	0.146846510189
284	0.0244708853308
285	0.0155939299685
286	0.0139810369936
287	0.0152375155478
288	0.0240424875055
289	0.0622891956696
290	0.068852883216
291	0.0155202316357
292	0.0386567059791
293	0.192667743285
294	0.0543466950536
295	0.0204058789651
296	0.0230465452456
297	0.0916938731996
298	0.0166180116091
299	0.0151615311218
300	0.026711908257
301	0.0153439319586
302	0.0215262263237
303	0.0178053002125
304	0.0607132609524
305	0.0157809566099
306	0.0216080161076
307	0.0139417435635
308	0.0157632799505
309	0.0142032869729
310	0.0170653183679
311	0.0619003009047
312	0.0229516603263
313	0.0169872588017
314	0.0622383182418
315	0.0139417435635
316	0.0178398764524
317	0.0160035973141
318	0.0307149673593
319	0.0296618062873
320	0.0536039712785
321	0.0141176291362
322	0.184318757245
323	0.356770651427
324	0.0724456428798
325	0.120498927142
326	0.0272110397011
327	0.0237310232613
328	0.0830321060464
329	0.0160479952136
330	0.0239253078865
331	0.0786227995621
332	0.265590130676
333	0.0164157982754
334	0.459055683865
335	0.015648105747
336	0.106758735696
337	0.0139467997418
338	0.199084787618
339	0.0193976010065
340	0.0157394791777
341	0.0269591102398
342	0.0189912091133
343	0.0169805872432
344	0.0221390276641
345	0.0421279082258
346	0.0895788458398
347	0.204070190565
348	0.0154445349932
349	0.247804549933
350	0.169452620234
351	0.0421279082258
352	0.0902591647127
353	0.0308588381009
354	0.104290332426
355	0.111597911327
356	0.47336516394
357	0.0166664249075
358	0.0826632655205
359	0.0475574328175
360	0.031453437577
361	0.0421279082258
362	0.027107797158
363	0.0325504216229
364	0.0207743627545
365	0.0262211830057
366	0.0391988180028
367	0.0157796947581
368	0.151176198458
369	0.0141164661483
370	0.0497816710109
371	0.0727373639709
372	0.0175810929002
373	0.0402991744703
374	0.0778930819245
375	0.121330874843
376	0.0342887606743
377	0.0929776249116
378	0.0184268438636
379	0.0768380906224
380	0.039106831573
381	0.0312938473233
382	0.201732694676
383	0.0160978027168
384	0.114456437191
385	0.0231514824674
386	0.0348070015445
387	0.016238544622
388	0.0155095783487
389	0.0185194827918
390	0.0178525468092
391	0.114098685686
392	0.104824086206
393	0.134637073877
394	0.0147929682732
395	0.0274195958179
396	0.464163065334
397	0.0178717769244
398	0.0237792757505
399	0.107345175043
400	0.218522229951
401	0.108756450956
402	0.023635785806
403	0.0421279082258
404	0.0154135173417
405	0.06433983573
406	0.0307080257789
407	0.0887535343079
408	0.0144517969249
409	0.0150851665267
410	0.015381843977
411	0.0164885534725
412	0.024183012164
413	0.0237509706782
414	0.0139417435635
415	0.0151495679016
416	0.0232793847649
417	0.0156356181402
418	0.0622234303499
419	0.181933952956
420	0.0811316763528
421	0.152524585751
422	0.0152563763901
423	0.0165710104049
424	0.0156602767973
425	0.0229184693469
426	0.0461204787026
427	0.0142251175531
428	0.0192649457409
429	0.0293731192963
430	0.0733967890205
431	0.0162395937047
432	0.0215053304555
433	0.0451675373803
434	0.0139832372428
435	0.230224392434
436	0.0537027266385
437	0.157678132687
438	0.0254714023821
439	0.173524780407
440	0.0243056497906
441	0.0637102119455
442	0.0172130323212
443	0.0866628985905
444	0.0340689898386
445	0.0147845112612
446	0.0141560825279
447	0.0241892309829
448	0.0502403847077
449	0.0374996592419
450	0.102847001215
451	0.0330799786136
452	0.148304662242
453	0.100882751484
454	0.0272780143548
455	0.0158302456517
456	0.0162997089875
457	0.0265089014108
458	0.0149926506058
459	0.0164827909998
460	0.0150730298959
461	0.0141731277506
462	0.160318960468
463	0.0182184422181
464	0.0152277347782
465	0.0889531670966
466	0.453403307239
467	0.207983248609
468	0.0442702114824
469	0.0240102374418
470	0.0980711617975
471	0.023425444069
472	0.0320000011782
473	0.0268171853088
474	0.177128716514
475	0.176944509117
476	0.157833975829
477	0.0147110714576
478	0.0674700315018
479	0.0293811112649
480	0.195949533673
481	0.0884268136295
482	0.0902597810561
483	0.0240771289619
484	0.0503371822413
485	0.0473469120964
486	0.105827902034
487	0.0160247211442
488	0.133268225515
489	0.0421279082258
490	0.0292841902551
491	0.0156094710396
492	0.037731523752
493	0.0139879036328
494	0.015765794332
495	0.0312450432839
496	0.0722174326834
497	0.047695547428
498	0.0763163421106
499	0.078876437793
500	0.0748454017773
501	0.0143382876589
502	0.0204571629721
503	0.0139095990212
504	0.0224398410549
505	0.0167983518197
506	0.0723409227876
507	0.0210822299507
508	0.0843627961437
509	0.150835618555
510	0.0635730861178
511	0.0887066785388
512	0.0204594953447
513	0.041043066917
514	0.0261037334913
515	0.0537928714205
516	0.041595122925
517	0.205694411145
518	0.118602621771
519	0.0472163283178
520	0.117425514941
521	0.073138972087
522	0.0285236204361
523	0.0169189241824
524	0.150071056355
525	0.0172137056963
526	0.098173153751
527	0.0501812170965
528	0.0153489140876
529	0.0140962849863
530	0.0976297564764
531	0.0162853360784
532	0.0575699220742
533	0.0311883672143
534	0.0641404532257
535	0.0597521407167
536	0.0909882969852
537	0.0284020871836
538	0.0244700480313
539	0.0774604652781
540	0.0177275005368
541	0.0146750557632
542	0.0884074453845
543	0.0663836484166
544	0.0466631961798
545	0.0174584329606
546	0.198669925218
547	0.0307703617033
548	0.168157982413
549	0.475331580854
550	0.104488805628
551	0.0744442041483
552	0.0700250767535
553	0.140288448574
554	0.0253316319549
555	0.0167357270131
556	0.12949372976
557	0.193253699298
558	0.026964867223
559	0.226638089714
560	0.0154638985276
561	0.0170654387357
562	0.190331010264
563	0.103916454941
564	0.0708518118166
565	0.113626336777
566	0.0965000628166
567	0.020078894752
568	0.212427730556
569	0.201090861764
570	0.0235899254508
571	0.0736728538157
572	0.0616054625146
573	0.0510535594449
574	0.0381910054448
575	0.0360794947781
576	0.0196465392404
577	0.0235411170803
578	0.184688093558
579	0.038259815112
580	0.0304636811579
581	0.0177224267559
582	0.0846656938671
583	0.0421279082258
584	0.0938137663773
585	0.105139934054
586	0.0249362201938
587	0.018409748444
588	0.19429814
589	0.0775935688477
590	0.213932748953
591	0.0376572195682
592	0.0818835118917
593	0.133991121047
594	0.0427780177526
595	0.119552400615
596	0.150277577991
597	0.0421279082258
598	0.0943740547074
599	0.0241815016334
600	0.108879896843
601	0.0909386616994
602	0.194851641889
603	0.0271602140104
604	0.0987014367634
605	0.023311845651
606	0.020615661181
607	0.216377685233
608	0.0733522771272
609	0.0795325051062
610	0.0818549036067
611	0.018452433421
612	0.111027922267
613	0.0144453766277
614	0.0380499802815
615	0.0271660265467
616	0.0620310361046
617	0.0879400329083
618	0.0357364072985
619	0.0141283870272
620	0.0857582112098
621	0.19429814
622	0.19429814
