1	0.207962671839
2	0.208401981433
3	0.206954460059
4	0.206997646822
5	0.207331197288
6	0.206387153597
7	0.207331197288
8	0.0193719877832
9	0.0273463254508
10	0.606762326329
11	0.647075926233
12	0.0272494751101
13	0.0282086456317
14	0.0205510111182
15	0.0431746767524
16	0.0414999956631
17	0.140802511258
18	0.0207485055259
19	0.33997421022
20	0.0193514359301
21	0.0239292907327
22	0.0271853073083
23	0.288784400368
24	0.0259007193336
25	0.256512409715
26	0.0408612742838
27	0.556240873891
28	0.365426747888
29	0.0232350080237
30	0.167490154858
31	0.0207484551916
32	0.0267018108968
33	0.0212855545693
34	0.058226193755
35	0.0432669943487
36	0.0282559758283
37	0.0225493180291
38	0.358009971061
39	0.0193514359301
40	0.600925456587
41	0.669282254734
42	0.0224498959804
43	0.025876965685
44	0.0255172917271
45	0.178171725545
46	0.0378227667254
47	0.0389672318995
48	0.0266334369374
49	0.0368528452584
50	0.0193514359301
51	0.0392216484312
52	0.0281255542047
53	0.0236779270205
54	0.15095623193
55	0.0569060294498
56	0.160668354106
57	0.285957714182
58	0.113174911202
59	0.404714948623
60	0.0620479592368
61	0.0225436992856
62	0.0405699663769
63	0.0553040346706
64	0.0745527656294
65	0.0445385987386
66	0.0237204042951
67	0.0243851557037
68	0.346422711033
69	0.0227402285594
70	0.306458079241
71	0.0240510257845
72	0.0528997225561
73	0.0193514359301
74	0.0271064307208
75	0.160676096494
76	0.0415058897767
77	0.0275205279645
78	0.0364161985316
79	0.023477050189
80	0.0619671488306
81	0.0241938227351
82	0.0218798473457
83	0.0231040735763
84	0.254047230886
85	0.037356012969
86	0.050915392199
87	0.0215429820218
88	0.0795219970935
89	0.0334085316429
90	0.0432501909268
91	0.237310382085
92	0.647313624642
93	0.0260942203945
94	0.0206203736794
95	0.0233474120531
96	0.0412343039059
97	0.0613746435437
98	0.0205740703258
99	0.0271572220967
100	0.0224348789887
101	0.0225127452627
102	0.0431077752018
103	0.0489067994373
104	0.0389458621386
105	0.380116414675
106	0.0853143515344
107	0.356657101406
108	0.653744285895
109	0.615830555784
110	0.0237440830802
111	0.0502104804157
112	0.66710738739
113	0.0241273712191
114	0.256246869332
115	0.0423183655768
116	0.589319940009
117	0.0404310531947
118	0.0372867605289
119	0.0239988598654
120	0.0205510111182
121	0.0518120727339
122	0.0207281862707
123	0.0648251294077
124	0.0242773548718
125	0.0425125894518
126	0.15154464067
127	0.0502104804157
128	0.0408568247607
129	0.279295436006
130	0.0283611936087
131	0.0236822506976
132	0.0586077321383
133	0.0726685386976
134	0.323877034994
135	0.0233464905555
136	0.0584054611868
137	0.613820511962
138	0.173041200121
139	0.0733492578284
140	0.0530864366105
141	0.0272251626271
142	0.034527842555
143	0.508183905131
144	0.0193514359301
145	0.0266795770332
146	0.0502104804157
147	0.0333659470909
148	0.04192648031
149	0.0231050120207
150	0.0532866282815
151	0.023099455807
152	0.0233493398727
153	0.357483871878
154	0.0768245534231
155	0.0387358033292
156	0.0449486490834
157	0.0241541015157
158	0.0227321225262
159	0.0212526868699
160	0.0275515380548
161	0.0404003970562
162	0.0280958906683
163	0.0408519828348
164	0.0821300926389
165	0.022757228758
166	0.137219009989
167	0.0233485595222
168	0.0432501909268
169	0.0242087564128
170	0.0193514359301
171	0.0392416142233
172	0.0414923661603
173	0.0532301989598
174	0.0193514359301
175	0.0379557515805
176	0.0263082408557
177	0.0370539321485
178	0.0272261500888
179	0.0422034568753
180	0.0414602336491
181	0.0218131619532
182	0.0215880842504
183	0.0415063840371
184	0.022471298096
185	0.0235911680821
186	0.058308491169
187	0.0263354130764
188	0.0801585249424
189	0.0583491383637
190	0.0808124042636
191	0.0205688924291
192	0.022438031232
193	0.349084301704
194	0.0254601312232
195	0.0227395419725
196	0.301863131692
197	0.117970708779
198	0.165360604015
199	0.0230181553708
200	0.0478929439711
201	0.0745432660852
202	0.0626145772138
203	0.0491460193833
204	0.0740477095642
205	0.0513154034896
206	0.0391161265922
207	0.0260215210782
208	0.401165882976
209	0.0587180549888
210	0.0617099444512
211	0.0467658354837
212	0.0236922679707
213	0.0377901534643
214	0.0502104804157
215	0.0241876534738
216	0.0263093263448
217	0.0239722477993
218	0.216338871757
219	0.0224731986065
220	0.0222571389947
221	0.339852305365
222	0.0227885736978
223	0.0239810122711
224	0.60000413657
225	0.0274371052675
226	0.0372871835366
227	0.0615139334734
228	0.0212512780968
229	0.0491458696147
230	0.0392470646276
231	0.023686778573
232	0.0707380025829
233	0.0424837812248
234	0.0205525294051
235	0.0230974809097
236	0.0205570092819
237	0.0364265857658
238	0.0369227981009
239	0.0227873936707
240	0.0787501737379
241	0.0230581641461
242	0.0369432759033
243	0.345220589106
244	0.058443784801
245	0.0193514359301
246	0.279450107518
247	0.0235263308173
248	0.0368528451704
249	0.0270994424769
250	0.0213044466631
251	0.020813675059
252	0.0243735456377
253	0.0431479361386
254	0.226849394254
255	0.0328067768217
256	0.0226700643524
257	0.0231060172316
258	0.0790273830726
259	0.0239605348819
260	0.274775658449
261	0.0207236583335
262	0.0595328880435
263	0.042259356845
264	0.345694583632
265	0.0364447727274
266	0.223134329978
267	0.0230004895209
268	0.0424372589258
269	0.0414301103934
270	0.0582412411532
271	0.0422586338972
272	0.149278904075
273	0.207774792739
274	0.0212740901741
275	0.0239878692429
276	0.129896617004
277	0.077915351119
278	0.0786354869211
279	0.034524031455
280	0.0236799013842
281	0.0415813816529
282	0.0391321353854
283	0.0551587496944
284	0.0413078960468
285	0.028541946881
286	0.0376381955573
287	0.41124169741
288	0.0374805961561
289	0.02247524647
290	0.252952005174
291	0.184295975818
292	0.106204317127
293	0.184423972257
294	0.0609368209014
295	0.0259997373842
296	0.137566827777
297	0.664765615788
298	0.0377589219275
299	0.0804502963194
300	0.0514633675812
301	0.0239738800783
302	0.0236696852904
303	0.0389231047685
304	0.0414655761061
305	0.212902762193
306	0.0231272946899
307	0.0233528343852
308	0.0937831906945
309	0.0623325114811
310	0.041271501491
311	0.0377767346201
312	0.081677627071
313	0.0543217694896
314	0.0406296138967
315	0.0368434839329
316	0.580022935001
317	0.0238384761233
318	0.163482984759
319	0.213188597441
320	0.142482696619
321	0.0240727153325
322	0.0434889079469
323	0.0261638360864
324	0.0212498695195
325	0.111524868276
326	0.0608578206334
327	0.0240005860842
328	0.0231132833089
329	0.0407997597517
330	0.319744108844
331	0.117796639065
332	0.0238182694964
333	0.0242005042042
334	0.0443796301343
335	0.0529568230588
336	0.168859792211
337	0.0502104804157
338	0.0193514359301
339	0.0235043375192
340	0.0392520907328
341	0.327658416366
342	0.636608430688
343	0.0789429452625
344	0.023005715168
345	0.128462394316
346	0.0517348721803
347	0.0233570760288
348	0.166803907669
349	0.0532394281178
350	0.334226200927
351	0.495399542603
352	0.0637352780247
353	0.0378246781407
354	0.0265360407475
355	0.0529133812646
356	0.0248750912242
357	0.212868072318
358	0.294680150854
359	0.0230467573976
360	0.668643676497
361	0.0328150333014
362	0.0240276817679
363	0.0259958914246
364	0.375505177931
365	0.0437947701289
366	0.166547868595
367	0.0769816234577
368	0.0212761460305
369	0.0225272257357
370	0.108687601337
371	0.0369034180617
372	0.0704878326834
373	0.0275539752395
374	0.0367619553412
375	0.0585992430336
376	0.0207853703385
377	0.023711159806
378	0.0668626150534
379	0.112525135778
380	0.6288143279
381	0.2395972429
382	0.655904144597
383	0.0366863878422
384	0.385082070136
385	0.0271452599665
386	0.04047154908
387	0.0207778769047
388	0.0552145705209
389	0.0212637892541
390	0.0243877176232
391	0.531360710609
392	0.0388654126382
393	0.0502104804157
394	0.0285590384657
395	0.0190853001776
396	0.0216978119423
397	0.0282086456317
398	0.179773865226
399	0.0237177863561
400	0.022446745465
401	0.0250581463903
402	0.118555192739
403	0.0775315338451
404	0.109564570773
405	0.279212756458
406	0.0375294390212
407	0.299328160644
408	0.0811550264865
409	0.0415595539382
410	0.165389324641
411	0.0772777598999
412	0.0368994561013
413	0.161379373171
414	0.0243522434891
415	0.307792474132
416	0.0370807852252
417	0.0413084258587
418	0.0267617397699
419	0.0364787159908
420	0.0412359478815
421	0.0268278009334
422	0.0446053166598
423	0.0213780016355
424	0.0608427116695
425	0.160604991266
426	0.0331155294315
427	0.0364203830785
428	0.23106635952
429	0.0777063837969
430	0.666638696238
431	0.0282083643346
432	0.482334004295
433	0.0491488845823
434	0.0582188052174
435	0.058395716707
436	0.0378225359972
437	0.640265555299
438	0.0260828711676
439	0.109956366644
440	0.541700507861
441	0.0239974322572
442	0.0225401286739
443	0.0213585867089
444	0.0227736307939
445	0.036797531099
446	0.023988514664
447	0.0193514359301
448	0.0243568715675
449	0.217166219066
450	0.0207251912072
451	0.161595381717
452	0.0190853001776
453	0.542110391745
454	0.236093190661
455	0.0193514359301
456	0.0207274196435
457	0.670221891179
458	0.319229203466
459	0.360005846179
460	0.032777968183
461	0.0519484739025
462	0.314763553253
463	0.346053414772
464	0.0433898517538
465	0.0378290982713
466	0.186483834209
467	0.0260840545056
468	0.0406356773917
469	0.0224561933988
470	0.0283321455229
471	0.0367085079631
472	0.024057465264
473	0.160276905716
474	0.0436732253473
475	0.0620848338618
476	0.0791484252075
477	0.402131998979
478	0.108186134536
479	0.618929414114
480	0.332798575783
481	0.145327363454
482	0.074634727659
483	0.0281300753924
484	0.0452936429403
485	0.045568245087
486	0.0381234242006
487	0.0248441640359
488	0.0200890188902
489	0.412712638835
490	0.0239316457337
491	0.0534991294252
492	0.0232550051799
493	0.043562365294
494	0.0390486846519
495	0.0396855265533
496	0.0405520243441
497	0.0236052842867
498	0.0252715691605
499	0.024316384696
500	0.0242300939557
501	0.141577035169
502	0.0679682428883
503	0.324228904328
504	0.0253255296276
505	0.563859605318
506	0.20909678
