1	0.0371929331459
2	0.0363729281003
3	0.0385304952323
4	0.0514810568615
5	0.0582636518716
6	0.0334581679851
7	0.100758383621
8	0.0497305676001
9	0.145900655979
10	0.049724905712
11	0.0352179258786
12	0.554331888486
13	0.125183555088
14	1.44933093526
15	0.0916550597602
16	0.0371986833175
17	0.0335403130598
18	0.0382973431444
19	0.0418849703889
20	0.0386736436608
21	0.0372138738178
22	0.0415100371347
23	0.0476403002908
24	0.0555476210541
25	0.0418154725128
26	0.0307221810859
27	0.0433173391309
28	0.148953397498
29	0.0371929466579
30	0.0436192416584
31	0.146499372206
32	0.03640437211
33	0.178867857978
34	0.121010359961
35	0.0530610913404
36	0.0979784309401
37	0.0366682448383
38	0.0409656459881
39	0.0372042461358
40	0.037688361301
41	0.0801035683732
42	0.0480719278422
43	0.0913059210893
44	0.102921937113
45	0.0447239974742
46	0.122230352477
47	0.0451172875177
48	0.0387279434484
49	0.058986495002
50	0.0582636518716
51	0.0453194067384
52	0.0998380640994
53	0.0453262361799
54	0.0370098325557
55	0.0372038361869
56	0.0380790984266
57	0.0379013589365
58	0.104502748528
59	0.0806530476791
60	0.041618025456
61	0.0372139434188
62	0.143753944644
63	0.0372041030703
64	0.0352019504367
65	0.0596477489446
66	0.0391016187852
67	0.0503032775931
68	0.0476191361182
69	0.193558437821
70	0.0429845407237
71	0.0416050880767
72	0.0385302513456
73	0.181529311426
74	0.0346919227035
75	0.0336697203525
76	0.0484218169355
77	0.0319884113795
78	0.203609222463
79	0.050236867894
80	0.037204139745
81	0.0364212316199
82	0.0498768036756
83	0.0582636518716
84	0.0369426579453
85	0.0517791214286
86	0.0357359521931
87	0.0543634643392
88	0.0352179258786
89	0.0582636518716
90	0.0400477239513
91	0.0372042277982
92	0.192394828578
93	0.101807462083
94	0.0357927207773
95	0.0385019489895
96	0.0527030197496
97	0.0993379605157
98	0.0382467400188
99	0.0385081910126
100	0.0383178450531
101	0.0904581932258
102	0.129496836006
103	0.0371916351332
104	0.035288689147
105	0.538443299895
106	0.0380900265591
107	0.189058222596
108	0.141369620623
109	0.149459967737
110	0.0530603672881
111	0.0386649403109
112	0.0350728766057
113	0.0498840486198
114	0.0372120379737
115	0.104986996344
116	0.0544529901121
117	0.784890123218
118	0.107356190607
119	0.0518806579116
120	0.573253422058
121	0.0371920495323
122	0.144551401577
123	0.767643987086
124	0.0964586409304
125	0.106659872968
126	0.0415220100366
127	0.0386064649887
128	0.058967384363
129	0.0367684022579
130	0.0475687377404
131	0.0500226102644
132	0.158554705764
133	0.0371904534259
134	0.0386693264785
135	0.0501142891313
136	0.0364801778627
137	0.0526160473352
138	0.0495002788701
139	0.0409987362588
140	0.0573812164663
141	0.101588341168
142	1.42085473392
143	0.0400736768886
144	0.037252490204
145	0.0334969743011
146	0.0970329215241
147	0.0870325850869
148	0.0363691147251
149	0.671481582233
150	0.269842725288
151	0.0363576539468
152	0.0401371427986
153	0.0372021217597
154	0.113649509269
155	0.0349010037072
156	0.0530296227557
157	0.0364292467496
158	0.0395420724725
159	0.0964404697074
160	0.0524181584615
161	0.0477224833749
162	0.0376975391307
163	0.0355991496098
164	0.0376866300658
165	0.0397492617569
166	0.038511803334
167	0.0530659202622
168	0.0408357120565
169	0.194970221701
170	0.0558078193921
171	0.0528995571902
172	0.0350592081464
173	0.0347078783999
174	0.0497051884484
175	0.15792868605
176	0.0497304219275
177	0.148243483947
178	0.0413783769886
179	0.0475478813685
180	0.160709083537
181	0.0497086432216
182	0.198906895299
183	0.0307221810859
184	0.0598252773419
185	0.093899976828
186	0.0354357849454
187	0.0959098076832
188	0.146988084621
189	0.132924253196
190	0.0451398762906
191	0.0384880826909
192	0.0574516573835
193	0.0366273986774
194	0.0598376717975
195	0.114743836161
196	0.0528972184888
197	0.0430836745973
198	0.14262568106
199	0.0371959381658
200	0.0350717115416
201	0.0383121099478
202	0.0958557736282
203	0.0352179258786
204	0.0413258000268
205	0.0573701126153
206	0.0495630549492
207	0.0526955067734
208	0.0835964159932
209	0.0406714605777
210	0.0923676705593
211	0.0336838703985
212	0.041092476767
213	0.0374408954244
214	0.053060617568
215	0.0530639590129
216	0.226612881266
217	0.0587769800691
218	0.0959521855781
219	0.0386634156415
220	0.0414538031922
221	0.0385601259374
222	0.0594799170444
223	0.0380859948584
224	0.0498242252845
225	0.0390176437776
226	0.0535187037096
227	0.0385304952522
228	0.0381249783282
229	0.0380643982447
230	0.0380827422867
231	0.03471305376
232	0.0307221810859
233	0.0382432584314
234	0.0347003846904
235	0.174613620515
236	0.0619614220701
237	0.0957183238322
238	0.0371971412748
239	0.0494153486387
240	0.0497339873718
241	0.0381398190359
242	0.0570662658822
243	0.0540744471724
244	0.0526900804943
245	0.0423362772433
246	0.0526078962969
247	0.0380665656806
248	0.0385312965056
249	0.0530552958761
250	0.0372334699348
251	0.144576735742
252	0.0481610679286
253	0.0528528011537
254	0.0371966865742
255	0.0401371344543
256	0.0904386030075
257	0.0319884113795
258	0.0383885638417
259	0.0371305421493
260	0.0383375304699
261	0.0307221810859
262	0.0492732205232
263	0.0478199032519
264	0.0378787739517
265	0.0451664945193
266	0.0575961851023
267	0.0383663879486
268	0.0502967736739
269	0.0369842547255
270	0.0574554018897
271	0.0801291099259
272	0.0526151336318
273	0.1298315603
274	0.0338757616511
275	0.0377841784164
276	0.0385601259374
277	0.0493354408456
278	0.0343610571549
279	0.0483896013516
280	0.0357117782838
281	0.0595497975374
282	0.0518031286356
283	0.0380354630416
284	0.0307221810859
285	0.0395674777804
286	0.0348461475848
287	0.0446648552878
288	0.0480467736594
289	0.0480174447491
290	0.041430307465
291	0.0338623710423
292	0.0497086432216
293	0.0403747183752
294	0.0994625796087
295	0.0341396819777
296	0.0382006171918
297	0.0406500409884
298	0.0543169680134
299	0.0393649974697
300	0.050414244714
301	0.042656210447
302	0.106914214219
303	0.0383598924142
304	0.0922522183722
305	0.0385019489895
306	0.0347011823222
307	0.0606830899708
308	0.0371918946447
309	0.0350502688694
310	0.0381941896134
311	0.0380732491977
312	0.037847317663
313	0.0396603213845
314	0.151131316791
315	0.0307221810859
316	0.0388981535662
317	0.0384857663965
318	0.0387466981448
319	0.130293900437
320	0.0531236391
321	0.0964228918957
322	0.0386872378523
323	0.105883109854
324	0.0395058659568
325	0.0534430370769
326	0.157644755853
327	0.053601243514
328	0.0335500439452
329	0.0525091620123
330	0.102148318298
331	0.0982966010319
332	0.0497051884484
333	0.0395474681339
334	0.0509914035933
335	0.0368511703454
336	0.0599473197363
337	0.0528643715881
338	0.0394564283036
339	0.0914278368025
340	0.143900606432
341	0.0499687824412
342	0.0338038297683
343	0.0963700701818
344	0.0988238424389
345	0.0582636518716
346	0.0353938558615
347	0.162925386348
348	0.0372521702665
349	0.328263573715
350	0.328017088399
351	0.336295639946
352	0.322841490409
353	0.0477798665171
354	0.143782637658
355	0.0582636518716
356	0.0957303188029
357	0.100289024228
358	0.142319233197
359	0.054679000628
360	0.191907878576
361	0.0392764557872
362	0.0350753242074
363	0.0405325718053
364	0.038504384198
365	0.0582636518716
366	0.0514639719902
367	0.0385102031967
368	0.0382766150228
369	0.0379875067054
370	0.0382729138065
371	0.0914412897583
372	0.0307221810859
373	0.0371842232078
374	0.0400736770786
375	0.0350540107003
376	0.0407555829855
377	0.152071652639
378	0.0804132807567
379	0.0489022922413
380	0.0505561598534
381	0.0527267018928
382	0.0369845297211
383	0.03852216534
384	0.0371923973392
385	0.0350727219807
386	0.18178748907
387	0.0979324122473
388	0.149429654183
389	0.0528547450061
390	0.0503745974038
391	0.0941355263416
392	0.0507543075092
393	0.0922153200044
394	0.141320970053
395	0.0547545390253
396	0.033467869681
397	0.0386826983463
398	0.0346944573607
399	0.0483199280872
400	0.0497304219275
401	0.035072722871
402	0.170936664904
403	0.0353114935881
404	0.0400866688197
405	0.0372041214078
406	0.0988675406669
407	0.193449188096
408	0.0365347335208
409	0.0545552583731
410	0.0395054756912
411	0.0384294007171
412	0.0383700304172
413	0.0409899332835
414	0.0335135989702
415	0.0371035815312
416	0.0579751950842
417	0.0348543487958
418	0.0801264774212
419	0.0373175639895
420	0.0377051662068
421	0.0361210025373
422	0.050465709742
423	0.0434334119605
424	0.0384924232413
425	0.0354765781588
426	0.0369411263875
427	0.0379096341055
428	0.039819243867
429	0.0336342842883
430	0.0523362889489
431	0.0369837614704
432	0.0354482977817
433	0.0383230743918
434	0.0384923887838
435	0.0916785162698
436	0.0499841499989
437	0.152694946806
438	0.0370367340467
439	0.061888075164
440	0.0348535415777
441	0.0913297863454
442	0.0964379708742
443	0.0346985886326
444	0.038911000709
445	0.0369845153119
446	0.0379187969847
447	0.102270505245
448	0.0518798968971
449	0.101194740614
450	0.0342444810293
451	0.0497179021527
452	0.0534110207952
453	0.0493810128439
454	0.0320275642673
455	0.0382622565434
456	0.106129359937
457	0.0382035216373
458	0.0381039707827
459	0.0380763093841
460	0.0415663276011
461	0.0526999930672
462	0.051156606841
463	0.0369599697567
464	0.0386886765755
465	0.036980264548
466	0.0382691776239
467	0.0947867463177
468	0.036966061846
469	0.0363830659483
470	0.0495224836092
471	0.141725636189
472	0.052751796836
473	0.0448379541672
474	0.0372039434573
475	0.0395674777804
476	0.034697819085
477	0.048109495125
478	0.21329742603
479	0.0512103520241
480	0.0372028285673
481	0.0374489708535
482	0.207672021841
483	0.0991566450279
484	0.0418798814947
485	0.0347337704868
486	0.195838357121
487	0.0335695581912
488	0.272193840238
489	0.0344643408876
490	0.0587470342082
491	0.0379611862907
492	0.0481304524869
493	0.0582636518716
494	0.0386634156415
495	0.0350559304609
496	0.0380855359848
497	0.0353002727485
498	0.0395881294739
499	0.0801564300597
500	0.0605629135972
501	0.0335428462109
502	0.0338757616455
503	0.0320275642673
504	0.0452378704582
505	0.131492220798
506	0.0515284305999
507	0.0400293652918
508	0.0372040149808
509	0.0593908407516
510	0.0385080059895
511	0.102841937814
512	0.0530533797998
513	0.0528198337456
514	0.0516730218999
515	0.0372073595872
516	0.0498068967493
517	0.0350540128705
518	0.0369406488613
519	0.143628211053
520	0.0354424790828
521	0.043522935565
522	0.223091646667
523	0.0386626530723
524	0.0307221810859
525	0.0392515133158
526	0.0954883273331
527	0.0348498979881
528	0.0477847083774
529	0.0556317331158
530	0.0504571837408
531	0.0369839363621
532	0.0433514794982
533	0.0348447890893
534	0.0348488764627
535	0.0922685755313
536	0.0352226235509
537	0.0339179201137
538	0.0480548317596
539	0.0626833228187
540	0.0350513613401
541	0.0576010550533
542	0.176848910409
543	0.0369591553422
544	0.0390889942725
545	0.0447623452222
546	0.0334581679851
547	0.050884331777
548	0.0499424013104
549	0.0383571046969
550	0.0582636518716
551	0.0574366580084
552	0.0376625049087
553	0.0477226323495
554	0.0922297232342
555	0.0385206678146
556	0.0384998307631
557	0.26882658806
558	0.102731321479
559	0.0363634782128
560	0.110476105945
561	0.053057956062
562	0.0475071719977
563	0.0408345806141
564	0.033639082954
565	0.0370049723561
566	0.181550129399
567	0.0582636518716
568	0.0524932824332
569	0.0545698241994
570	0.0394931888119
571	0.0372954270711
572	0.0500167723683
573	0.0497976526362
574	0.0389222749303
575	0.0398456501239
576	0.0383740998481
577	0.0320444437521
578	0.0574819294903
579	0.0349053681685
580	0.035642162017
581	0.22842641996
582	0.160360126657
583	0.0350571567678
584	0.0382674993631
585	0.0350623551224
586	0.0319884113795
587	0.0981667810964
588	0.0382733603013
589	0.0528687504688
590	0.131125168652
591	0.0429849315834
592	0.0350617906912
593	0.0369606279753
594	0.0352499594413
595	0.149419339197
596	0.0492352523867
597	0.0354456455867
598	0.0500714363852
599	0.0369818595616
600	0.0582636518716
601	0.0532890410172
602	0.100522984928
603	0.0382077143094
604	0.0373439724783
605	0.0445046576496
606	0.0540753891519
607	0.0380836938619
608	0.0367708701274
609	0.0451172875177
610	0.0528519899878
611	0.0988078857685
612	0.0497835903288
613	0.0354488858715
614	0.0582636518716
615	0.0501623713589
616	0.0352330349815
617	0.0921372545425
618	0.0534348442182
619	0.0380643974031
620	0.0989052379658
621	0.0368474833639
622	0.0354234119526
623	0.0369845297211
