1	0.0999765894181
2	0.149391227516
3	0.126149526847
4	0.126223836029
5	0.123080768139
6	0.133291356954
7	0.252086883749
8	0.137377357676
9	0.136901939929
10	0.1257272775
11	0.12588776292
12	0.12677260544
13	0.128828665051
14	0.145588114303
15	0.0999765894181
16	0.113324063925
17	0.113942449998
18	0.108874996329
19	0.112729337122
20	0.132613955487
21	0.0916809333811
22	0.115828306915
23	0.137166642886
24	0.127402432819
25	0.131526936073
26	0.123365375677
27	0.299230038082
28	0.120804542934
29	0.135940528241
30	0.303735824216
31	0.266399182635
32	0.129061074552
33	0.13560018975
34	0.301742934363
35	0.129061074552
36	0.111594101549
37	0.114968377414
38	0.112814516692
39	0.123440404434
40	0.108874996329
41	0.131673799707
42	0.254305912374
43	0.261935597831
44	0.113359619676
45	0.275268915775
46	0.136901939929
47	0.271355873898
48	0.121660595814
49	0.267710617515
50	0.271731948614
51	0.133938967008
52	0.25096553387
53	0.123080768139
54	0.124654154971
55	0.260444442789
56	0.103275076126
57	0.125475291971
58	0.113324063925
59	0.117836136029
60	0.117836136029
61	0.111933877222
62	0.310342388579
63	0.149391227516
64	0.123992668012
65	0.138644590848
66	0.142108554299
67	0.266152355376
68	0.122225556
69	0.268602361161
70	0.257996937233
71	0.103275076126
72	0.279297087503
73	0.113562814603
74	0.122953796343
75	0.135523042293
76	0.127624691234
77	0.0916809333811
78	0.135275469592
79	0.0916809333811
80	0.115911723436
81	0.131231452452
82	0.143278246494
83	0.291710946173
84	0.277223815164
85	0.267162232662
86	0.111933877222
87	0.136901939929
88	0.128520242816
89	0.115726559844
90	0.132776308426
91	0.268094555834
92	0.108622070057
93	0.260912323167
94	0.293050726234
95	0.103275076126
96	0.259188265282
97	0.263840439335
98	0.1293724376
99	0.112597440945
100	0.11439862677
101	0.129005532028
102	0.139595238734
103	0.136901939929
104	0.137343073651
105	0.1293724376
106	0.266786161044
107	0.111167515762
108	0.125417559857
109	0.120117970706
110	0.116127057191
111	0.269497792126
112	0.108874996329
113	0.0999765894181
114	0.113359619676
115	0.267402825807
116	0.107920296806
117	0.142021298334
118	0.108622070057
119	0.10355360126
120	0.112294614215
121	0.136625155209
122	0.124654233344
123	0.128955694801
124	0.0999765894181
125	0.123080768139
126	0.112597440945
127	0.0999765894181
128	0.141071920622
129	0.122630706178
130	0.112814516692
131	0.137867860169
132	0.118784392682
133	0.135092284091
134	0.130797876385
135	0.107899124728
136	0.112294614215
137	0.123176670276
138	0.113686623281
139	0.113359619676
140	0.111594101549
141	0.125417559857
142	0.115726559844
143	0.10355360126
144	0.120011430703
145	0.113562814603
146	0.113562814603
147	0.125600123513
148	0.125671707406
149	0.115828306916
150	0.114212488537
151	0.138535444471
152	0.138520365585
153	0.117965816014
154	0.129005532028
155	0.1293724376
156	0.119685653238
157	0.125322724262
158	0.129091971409
159	0.135672342939
160	0.128936147829
161	0.138644590848
162	0.132765882418
163	0.110476068102
164	0.114322312925
165	0.134106206413
166	0.108874996329
167	0.115762506877
168	0.131405309679
169	0.128955694801
170	0.113304261894
171	0.123392791526
172	0.136901939929
173	0.271845295645
174	0.115954706453
175	0.271583771943
176	0.123730346479
177	0.269238263254
178	0.300969687786
179	0.122511369658
180	0.252603823144
181	0.11434918948
182	0.108874996329
183	0.117965816014
184	0.310146086713
185	0.103275076126
186	0.103275076126
187	0.115762506877
188	0.10355360126
189	0.123089883193
190	0.126149526847
191	0.124786061736
192	0.0999765894181
193	0.270525592903
194	0.125300824938
195	0.113667037841
196	0.130777463155
197	0.108622070057
198	0.135937120956
199	0.118608948403
200	0.12468624407
201	0.112110695095
202	0.122242123345
203	0.13189477557
204	0.136625155209
205	0.129061074552
206	0.120011430703
207	0.125355141494
208	0.131247214591
209	0.123080768139
210	0.113923836259
211	0.128926846124
212	0.115762506877
213	0.138860045838
214	0.123089883193
215	0.128457344329
216	0.139925491619
217	0.144808485015
218	0.129646894613
219	0.122895043426
220	0.1293724376
221	0.133417463289
222	0.134172975955
223	0.131401262366
224	0.121245534673
225	0.126197795552
226	0.113324063925
227	0.120011430703
228	0.134052925685
229	0.130870106201
230	0.100709794268
231	0.136157901176
232	0.115954706453
233	0.142041078555
234	0.125401999071
235	0.130982496682
236	0.123550145772
237	0.118208823865
238	0.111933877222
239	0.113562814603
240	0.138535444471
241	0.124786061736
242	0.123080768139
243	0.122526768328
244	0.114431412703
245	0.13444190313
246	0.113359619676
247	0.113392317409
248	0.12783754888
249	0.146420293044
250	0.115762506877
251	0.10355360126
252	0.127367769606
253	0.135092284091
254	0.145531513372
255	0.111933877222
256	0.135330161072
257	0.120654676812
258	0.109220890222
259	0.116867480663
260	0.129005532028
261	0.115911723436
262	0.260504401395
263	0.145531513372
264	0.120174246555
265	0.10355360126
266	0.136402643043
267	0.114267053758
268	0.133867246743
269	0.133938967008
270	0.128842235695
271	0.111594101549
272	0.108493105304
273	0.127367769606
274	0.116326830029
275	0.114574996467
276	0.134106206413
277	0.133687119788
278	0.113359619676
279	0.297912139837
280	0.113304261894
281	0.127367670008
282	0.120011430703
283	0.122225556
284	0.0916809333811
285	0.259188265282
286	0.122878564827
287	0.108874996329
288	0.126197795552
289	0.270030928684
290	0.136901939929
291	0.107920296806
292	0.125322724921
293	0.129091971409
294	0.139165534038
295	0.129787777214
296	0.271174975141
297	0.136901939929
298	0.10994227238
299	0.125783200283
300	0.129088259126
301	0.139920655842
302	0.113562814603
303	0.11574451016
304	0.129091971409
305	0.122784019984
306	0.117715772081
307	0.120011430703
308	0.103275076126
309	0.112294614215
310	0.126149526847
311	0.112942832321
312	0.113478805958
313	0.277128978899
314	0.119559163389
315	0.134909855801
316	0.115707572888
317	0.130891459496
318	0.123080768139
319	0.128293093303
320	0.12468624407
321	0.138698882885
322	0.264654771578
323	0.113198751485
324	0.107549480362
325	0.141486340167
326	0.122331722355
327	0.130361228674
328	0.108874996329
329	0.123963815096
