1	0.0796118338285
2	0.0989720699434
3	0.0987042779372
4	0.104833217774
5	0.113569517784
6	0.0908159945024
7	0.103858677845
8	0.202215512919
9	0.20221497178
10	0.109486986069
11	0.103115604237
12	0.0929983681226
13	0.0930149387806
14	0.202215125804
15	0.101590041387
16	0.0887755333496
17	0.0989865635141
18	0.109115651645
19	0.0931161398354
20	0.0910510489835
21	0.0921799643162
22	0.101702729758
23	0.109486986069
24	0.112546722791
25	0.0991556049949
26	0.113294264962
27	0.0906990256679
28	0.103065650091
29	0.0930149437788
30	0.104833217774
31	0.11354770662
32	0.0940622067545
33	0.103065650091
34	0.0936346840601
35	0.0974740898739
36	0.105897207512
37	0.0951307080858
38	0.0931325242109
39	0.098129884222
40	0.101672622884
41	0.107638333779
42	0.114760180272
43	0.202214874735
44	0.202215087916
45	0.202215555216
46	0.0955507615076
47	0.0915993543946
48	0.202214912039
49	0.202214981049
50	0.112546722791
51	0.0906686656181
52	0.090116936129
53	0.0936346840601
54	0.0990899788446
55	0.0899631985568
56	0.101527234692
57	0.0796118338285
58	0.0922136917306
59	0.0931790524384
60	0.108066998248
61	0.0929983681226
62	0.110344464876
63	0.0936280163929
64	0.105743635265
65	0.101107878812
66	0.0985696714961
67	0.0899631985568
68	0.10764023023
69	0.102808846629
70	0.0935739547335
71	0.0796118338285
72	0.0796118338285
73	0.0796118338285
74	0.101495852482
75	0.0796118338285
76	0.103204448066
77	0.101464470226
78	0.101702729758
79	0.101040179555
80	0.101092690765
81	0.202215009023
82	0.0936280163929
83	0.0903813336337
84	0.090699025912
85	0.202214911963
86	0.107638333779
87	0.0981786307167
88	0.0986891746101
89	0.202215517064
90	0.105101102389
91	0.0899946716367
92	0.113324174335
93	0.0899631985568
94	0.094266097484
95	0.0916965355217
96	0.0931161398354
97	0.104083810198
98	0.107966338668
99	0.104186056792
100	0.0936346840601
101	0.0906686656181
102	0.109836618698
103	0.093644171924
104	0.113320079331
105	0.110206449319
106	0.112990089786
107	0.0930815064564
108	0.0930149438322
109	0.0959256585322
110	0.0990733670728
111	0.108104014368
112	0.0929983681226
113	0.101033555844
114	0.202215116643
115	0.101605836157
116	0.110119639572
117	0.109486986069
118	0.0929983681226
119	0.110681356258
120	0.0990576936023
121	0.0991556049949
122	0.110874376505
123	0.0966320077359
124	0.0906686656181
125	0.112546722791
126	0.103868930027
127	0.103861036043
128	0.202214982734
129	0.0936441749443
130	0.0915993543946
131	0.0976963546821
132	0.0995886861257
133	0.0796118338285
134	0.0976395593079
135	0.0996504620469
136	0.113300032925
137	0.108025158434
138	0.202215032655
139	0.202215006816
140	0.202215077893
141	0.107170756034
142	0.0935739547335
143	0.1041806567
144	0.0796118338285
145	0.0796118338285
146	0.105782796051
147	0.2022150702
148	0.101703902164
149	0.103065650091
150	0.0929868383887
151	0.101077840754
152	0.0796118338285
153	0.0890554680862
154	0.0983844577879
155	0.103861036043
156	0.104364407733
157	0.113179730198
158	0.109168037223
159	0.20221501315
160	0.0989865635141
161	0.202215043896
162	0.113221689813
163	0.0936323339111
164	0.101590041387
165	0.0889336325461
166	0.113938174396
167	0.0936346840601
168	0.0930315326037
169	0.107436878724
170	0.104364407733
171	0.108066997101
172	0.104852542064
173	0.108059376633
174	0.108088142141
175	0.109486986069
176	0.106732580382
177	0.107799657711
178	0.104036423152
179	0.0991390245602
180	0.0981786307167
181	0.0987042779372
182	0.109160688718
183	0.0986891771123
184	0.107638333779
185	0.113294264962
186	0.0965162196428
187	0.20221503514
188	0.202215013876
189	0.0916227142272
190	0.0906686656181
191	0.0906686656181
192	0.202214945735
193	0.0932155380985
194	0.101554809208
195	0.0900026413354
196	0.106792215752
197	0.0894334384077
198	0.109486986069
199	0.10918225471
200	0.0796118338285
201	0.0931161398354
202	0.101590041387
203	0.101590041387
204	0.0889462541437
205	0.0931161398354
206	0.101717552565
207	0.202214978273
208	0.103116274709
209	0.0891579478412
210	0.101717552565
211	0.104053621139
212	0.0906686656181
213	0.0901169362531
214	0.0936031450397
215	0.104010830763
216	0.202215547395
217	0.106792215752
218	0.110863444184
219	0.20221500865
220	0.0936807406824
221	0.103065650091
222	0.0926536646578
223	0.103868931216
224	0.0887755333496
225	0.0936494554859
226	0.105180098911
227	0.093131448363
228	0.0916641336185
229	0.0927002718392
230	0.101844870356
231	0.110206449319
232	0.0942453440524
233	0.0942165851168
234	0.100116076791
235	0.202215493117
236	0.102446426842
237	0.202214933395
238	0.202214928286
239	0.110000899027
240	0.0965957895312
241	0.108963458106
242	0.202215520099
243	0.102871010077
244	0.102446426842
245	0.100036612429
