1	0.0278921094416
2	0.0267365330913
3	0.0298677328652
4	0.0580438142531
5	0.0315010010655
6	0.0290396269904
7	0.0304750538439
8	0.0360504682866
9	0.027841474235
10	0.0294620168023
11	0.024487720717
12	0.0355043457014
13	0.0438497779495
14	0.0279937704218
15	0.283920993585
16	0.0379826528003
17	0.0290929983842
18	0.0593752234486
19	0.041684648167
20	0.0389289679072
21	0.0589841195151
22	0.0303343214295
23	0.0538788712464
24	0.0290341421012
25	0.0288989728041
26	0.024487720717
27	0.0342016922389
28	0.0280244584204
29	0.0322552656746
30	0.0335628719868
31	0.0823372587045
32	0.0335725471151
33	0.0314772796999
34	0.0446816009136
35	0.0390770710272
36	0.0371604279332
37	0.0319649911455
38	0.0322684999574
39	0.0288158389851
40	0.0302618234631
41	0.0303463535258
42	0.0344036090272
43	0.043526280064
44	0.024487720717
45	0.0282601852316
46	0.0564181679174
47	0.0576896239031
48	0.0289950384669
49	0.12547184669
50	0.0405520438056
51	0.0270002832156
52	0.0401869049383
53	0.0835820064743
54	0.0390770710272
55	0.0293737495482
56	0.0311349734259
57	0.030186957832
58	0.0524836570384
59	0.0518865303526
60	0.0294388424138
61	0.0461003941944
62	0.044389062231
63	0.0418914077647
64	0.0366079516258
65	0.0302513760498
66	0.0300628590019
67	0.0386961725436
68	0.0390770710272
69	0.0289648373214
70	0.0431318644768
71	0.215690409123
72	0.431382973309
73	0.0599722531094
74	0.0390770710272
75	0.0280339108356
76	0.0526337238335
77	0.426433040973
78	0.0300656826268
79	0.0260093851333
80	0.0289677991514
81	0.0363028315221
82	0.024487720717
83	0.0330739408399
84	0.0290940372881
85	0.0539453612821
86	0.0640303366807
87	0.0449253992138
88	0.0288363714444
89	0.395772231281
90	0.0617202639854
91	0.325163712797
92	0.0706395535846
93	0.0274161537279
94	0.0301691211861
95	0.0826339041684
96	0.0300663669625
97	0.0287879169234
98	0.0398794622601
99	0.0277738537647
100	0.028866211803
101	0.0364118461744
102	0.0287016105621
103	0.032163477518
104	0.0457965807883
105	0.0531263976488
106	0.0301947214705
107	0.0282017584054
108	0.0300606645118
109	0.027505358043
110	0.0557889499074
111	0.0291485169827
112	0.0348960009254
113	0.0437930184288
114	0.0266724753146
115	0.0841328189139
116	0.0984330680434
117	0.0354542158128
118	0.0303309003895
119	0.0318855669957
120	0.0456911363777
121	0.0292580050526
122	0.0450773458947
123	0.0398246286122
124	0.0274716409348
125	0.0289259211015
126	0.0266011126321
127	0.0538363558729
128	0.052689790628
129	0.064419426404
130	0.0299436615336
131	0.028912347269
132	0.0325606773316
133	0.0277251553983
134	0.0435695965322
135	0.0428916805553
136	0.0288361840229
137	0.0305819137039
138	0.0301937163399
139	0.0301910537051
140	0.0603445751304
141	0.024487720717
142	0.0387583841095
143	0.122295429222
144	0.0293198659301
145	0.431216831885
146	0.036104880435
147	0.105538839421
148	0.028074656493
149	0.0288384648233
150	0.027653906505
151	0.0288335849862
152	0.036246971054
153	0.0329209123041
154	0.028077628102
155	0.0277641805851
156	0.024487720717
157	0.055243415724
158	0.0262081994145
159	0.0395505742744
160	0.43135617695
161	0.0401400556737
162	0.2261163418
163	0.0860160457753
164	0.036120054927
165	0.0531446215014
166	0.150319476504
167	0.0562870702882
168	0.0514923601385
169	0.0408615964142
170	0.0528217734892
171	0.0288150611185
172	0.0538766566935
