res_num	entropy
1	2.29058606333
2	1.74306800468
3	1.80296781929
4	2.14866351722
5	0.6116186615
6	1.62960998354
7	0.264805522451
8	1.95547393969
9	1.61404211304
10	1.07609294177
11	2.03843951786
12	1.7431163448
13	0.571034037082
14	0.936207073582
15	2.43854017164
16	2.2084902898
17	0.995451229877
18	1.58462559828
19	0.776775964291
20	1.99136189828
21	2.26806766593
22	1.99432070632
23	1.81693947464
24	1.92735906219
25	1.48458852059
26	2.12246248819
27	1.26957305073
28	0.878581016639
29	1.28208933928
30	1.36109389929
31	2.21314806984
32	1.25276027723
33	1.8050554064
34	0.453950468084
35	1.76530535145
36	1.16776381346
37	1.88548876841
38	2.2892255539
39	2.32564735746
40	0.502284483319
41	1.8797558617
42	1.65377951551
43	0.276033485977
44	1.74117038112
45	1.65752984717
46	1.78014450981
47	1.71594231876
48	2.03401622907
49	1.9221179482
50	1.7716508622
51	1.66626761805
52	2.1003936797
53	1.3007981088
54	0.886975591671
55	1.78302946398
56	0.276033485977
57	0.692404463592
58	1.44642213471
59	1.89320953009
60	0.264805522451
61	1.86893995176
62	1.76288489337
63	2.03703556961
64	0.264805522451
65	1.49646779697
66	1.87435810122
67	2.29471164198
68	0.276033485977
69	2.10775330421
70	0.602923569484
71	1.55397764289
72	0.993514857165
73	2.33576277926
74	1.08702416907
75	2.13502305582
76	2.11563677634
77	0.932115493006
78	1.06405691363
79	1.62472274364
80	1.48788859559
81	1.70170925424
82	1.62530430168
83	1.77467995659
84	1.99638415049
85	1.61727838645
86	1.03536442219
87	2.11879208026
88	2.46298548998
89	0.552073668798
90	1.59431158657
91	0.264805522451
92	0.951539676571
93	1.91815206076
94	0.264805522451
95	2.12044148961
96	1.10107824782
97	1.91111434056
98	1.27102709756
99	1.71198531367
100	2.33838565236
101	2.07638748262
102	1.60766745286
103	2.01714899205
104	2.20545139852
105	2.06133564723
106	1.26901668319
107	0.874075145196
108	1.92809952373
109	2.04278441737
110	1.99037442602
111	1.5423635738
112	1.93379886806
113	1.59949329111
114	1.67982963552
115	0.873294101784
116	0.980878936462
117	1.21213733278
118	0.869653072582
119	2.16751691295
120	1.65796101761
121	1.59005423363
122	2.10889776859
123	1.1422916684
124	1.14004504238
125	1.24368158726
126	1.86795855425
127	0.968467376953
128	1.4551560622
129	0.559235577997
130	1.47550955968
131	1.88211247369
132	0.264805522451
133	2.32836401206
134	1.55107611212
135	2.1840868379
136	1.04865533843
137	0.264805522451
138	1.36613483356
139	2.483853363
140	0.998167215705
141	0.393919833648
142	1.79157893827
143	2.18119588257
144	0.999470939074
145	2.09938678747
146	1.58893313152
147	2.27395842445
148	1.33985109375
149	1.348417196
150	1.01075661487
151	1.89150167601
152	0.367535546846
153	1.34391807412
154	1.52203680575
155	1.46297616349
156	1.21883041696
157	0.976682215726
158	1.93381183827
159	0.874132743061
160	1.39359203409
161	1.33493015052
162	2.25132815271
163	1.81176560543
164	2.02513297843
165	1.94504761091
166	1.64759883865
167	1.65342190106
168	1.06784433845
169	1.77739547461
170	1.80054996889
171	1.62239518168
172	1.78607939361
173	1.6430678799
174	1.92974505244
175	1.7114804551
176	1.68508580682
177	2.18004646669
178	0.524511365657
179	0.882883732955
180	0.747219803954
181	0.997325141233
182	0.385345873206
183	1.66105866566
184	0.796636555414
185	1.57439589166
186	2.30713557221
187	1.51162526202
188	1.39792051548
189	2.08087258193
190	1.94273575702
191	1.58690727346
192	1.99444155875
193	1.60891717255
194	1.64280107653
195	1.88825338483
196	1.51687077885
197	1.43640153755
198	1.61088438565
199	1.42887697066
200	1.22728666375
201	1.94034791876
202	1.27761412227
203	1.94209981649
204	1.62512993882
205	2.32556401158
206	2.33495496364
207	1.62253986139
208	2.12761850001
209	1.77126922165
210	2.08493913545
211	0.869363415767
212	1.27588528532
213	1.12766349078
214	0.501474510155
215	1.75546348482
216	1.68215364508
217	2.09978893921
218	1.59289383908
219	1.49204162158
220	1.88841279906
221	1.57654054017
222	0.943091724163
223	0.990740122261
224	0.887646872896
225	1.88507265078
226	1.31005670761
227	1.81896178488
228	1.59121987822
229	1.9107837938
230	2.08822281014
231	0.868214359221
232	1.34361185135
233	2.14907572731
234	1.89230805446
235	1.19353141878
236	1.85097973991
237	1.14023923132
238	1.8409665762
239	2.47570971523
240	2.05713033151
241	1.8279801033
242	2.02228723328
243	1.12352774146
244	1.36260618871
245	1.56381140692
246	1.59848895271
247	0.264805522451
248	1.68647106158
249	1.08305975326
250	2.15623102359
251	0.959326258368
252	1.78459035771
253	1.51331132167
254	1.12783513372
255	1.01527954796
256	1.84652653839
257	1.61903571402
258	1.27078855568
259	1.82973823647
260	2.17569984329
261	0.264805522451
262	1.53237955756
263	0.705979693607
264	0.634262341399
265	1.14755861473
266	1.54341686868
267	1.81493186453
268	2.2376786426
269	0.631002648551
270	1.31832012757
271	1.95071123962
272	1.6003581958
273	1.70065402802
274	2.19754083516
275	1.31436548567
276	0.276033485977
277	1.81792037494
278	1.21854349652
279	1.9149825294
280	0.264805522451
281	1.59381836753
282	2.00851987232
283	1.96168870296
284	2.11093570554
285	0.264805522451
286	0.946023036125
287	1.36145286331
288	1.72317953438
289	1.35428955518
290	1.77257703986
291	1.10951292227
292	1.84876294348
293	1.71468815294
294	1.85966841071
295	1.49088397843
296	1.86665757305
297	1.22844252125
298	2.26414703291
299	2.08218892592
300	1.98332566615
301	2.14520590115
302	0.264805522451
303	1.79201126906
304	0.264805522451
305	0.88406874741
306	2.22946337945
307	0.985460666254
308	0.97795209604
309	2.15910199054
310	1.84489870095
311	1.7251397273
312	2.17742323801
313	1.85469296391
314	2.08922174456
315	1.9203512244
316	0.962674979143
317	1.24892712341
318	0.264805522451
319	2.11798984161
320	2.1719773375
321	2.03803114744
322	1.18718083472
323	2.35311311197
324	1.46426616491
325	1.76815121824
326	1.83787892986
327	1.92404034407
328	1.6788676512
329	0.276033485977
330	2.06049717102
331	1.58604045946
332	2.24429686413
333	2.28858123393
334	1.86778795281
335	1.45912583271
336	2.20182243776
337	2.16645900156
338	0.456870354408
339	2.04256412869
340	1.87590402981
341	0.567565208313
342	1.67078445778
343	1.97279870036
344	1.39346027024
345	0.377950318208
346	2.11041473248
347	1.75327105226
348	0.264805522451
349	1.66846318161
350	1.9390509728
351	0.276033485977
352	2.06503898255
353	2.32750777413
354	1.8208545391
355	1.93457536378
356	1.6965792807
357	1.91803236725
358	2.40068349001
359	0.264805522451
360	2.03605357182
361	2.22392250056
362	1.93601781193
363	2.11229759906
364	1.97187541397
365	1.5508463136
366	1.94414064965
367	1.77770736341
368	2.19843978443
369	1.58953110412
370	1.82578431262
371	1.65846802829
372	2.38613962121
373	2.15414241271
374	2.08218556761
375	2.16487133908
376	2.24124160855
377	2.0557350141
378	2.28905120893
379	2.19722926863
380	2.60943966274
381	2.14825377941
382	2.20869260832
383	2.23635056018
384	1.78316106067
385	2.16942810944
386	2.16896314919
387	2.2337827271
388	1.74783721082
389	1.83524127283
390	1.86365621742
391	1.78418652629
392	2.21778600148
393	1.30114244274
394	0.38609695511
395	1.81531702363
396	1.81925864924
397	2.02785145469
398	1.63020418141
399	2.344705451
400	1.8319998091
401	1.94191840592
402	2.17549343213
403	1.67555266517
404	1.64508100592
405	1.93997530945
406	1.86349839647
407	2.10437342388
408	2.09776799911
409	2.40777119703
410	1.92172872882
411	2.09763032197
412	2.0540433657
413	2.28893790411
414	1.92837176914
415	2.187104486
416	2.125907226
417	2.46059427411
418	1.98946205601
419	2.1206604808
420	2.19527413356
421	2.1495718407
422	2.15496118578
423	2.12892405727
424	1.66841076962
425	1.84536091652
426	2.18238471848
427	2.18262766878
428	2.11471061906
429	1.78700957235
430	2.07260742244
431	2.26196734734
432	1.06555418846
433	2.07760420108
434	2.1475047566
435	2.22217322773
436	1.72510828403
437	2.02932713724
438	2.25903083098
439	1.78534398673
440	2.26119435826
441	2.21646435605
442	2.33537703741
443	2.0475691908
444	1.91591992828
445	2.06285355035
446	2.25537698756
447	2.1249484533
448	2.05280772191
449	1.89712872183
450	2.4479090555
451	1.98177163206
452	2.25727086956
453	1.54879874687
454	1.50633307259
455	0.264805522451
456	1.63652970298
457	1.76919546259
458	0.891125360568
459	2.06597560044
460	1.82641201926
461	1.5213502677
462	0.264805522451
463	1.37765197341
464	0.329444141319
465	0.591059439197
466	1.06771223219
467	2.01094902913
468	1.11529603556
469	1.58453951028
470	0.641331139855
471	1.52873276833
472	0.840829716257
473	1.93764802768
474	2.21707503279
475	1.1371958748
476	0.833542801311
477	1.8231783044
478	2.1576760321
479	1.55823651666
480	2.08002452483
481	2.39373477105
482	2.2151057027
483	1.98070726545
484	1.42722160593
485	0.764481209731
486	0.483788170392
487	1.25405511101
488	0.643273046132
489	1.28811475249
490	1.41892234236
491	1.32859790287
492	1.66339945122
493	2.05235779604
494	0.481261350857
495	1.8576068031
496	2.107018626
497	1.981841183
498	1.67012491025
499	1.93034608858
500	1.35028779167
501	1.54389125491
502	1.4455534122
503	0.264805522451