res_num	entropy
1	1.22558549817
2	2.20920608451
3	0.287257588213
4	2.02384468478
5	1.96679011167
6	2.01626628012
7	0.873962148707
8	2.28304686988
9	2.30013720697
10	1.98167023088
11	1.97217423178
12	1.7235957289
13	2.08036507952
14	0.264805522451
15	1.0892850574
16	0.264805522451
17	2.10533303624
18	1.91009225893
19	2.07640974789
20	1.19997772385
21	0.665083069098
22	0.797680333684
23	0.637836202615
24	0.737950297614
25	0.600557196676
26	0.996180938403
27	1.32024852388
28	2.33359072565
29	1.17144648291
30	0.415815758375
31	2.20375630334
32	0.384920896
33	2.36309249958
34	2.26927622948
35	1.45293728678
36	2.18231706173
37	1.56752217368
38	1.4788929185
39	1.89266677152
40	0.264805522451
41	2.23543189459
42	1.76309869919
43	1.80078778866
44	2.21711231816
45	1.49099430433
46	2.24071145113
47	1.81399801198
48	2.17269341424
49	2.00753395499
50	1.74824573502
51	1.96065676093
52	2.0333743074
53	1.84553809601
54	1.42800097328
55	1.43009072123
56	0.825352302023
57	0.363987891422
58	0.3453915177
59	1.10229164395
60	1.45701772895
61	0.984826925369
62	1.51766698936
63	1.53790592936
64	2.23546977517
65	1.89157254699
66	1.69111091096
67	2.4745744035
68	0.452275323148
69	2.19104299772
70	2.36709187418
71	1.9117933883
72	1.64218019495
73	1.67915777348
74	1.10515762187
75	2.11941063145
76	1.95291726348
77	1.93371996279
78	2.10189078341
79	2.12329638304
80	0.537037451406
81	2.01815813383
82	1.46011744642
83	1.96029269234
84	2.32869056337
85	2.30526696697
86	2.00099972964
87	1.76242923786
88	2.14448428573
89	1.96828055986
90	0.738449904774
91	0.732303305972
92	1.65761094654
93	2.37910636256
94	1.88581905869
95	2.36189851801
96	1.40358262983
97	1.97721022101
98	0.316085816895
99	2.18373597397
100	2.14375313585
101	1.72049937187
102	1.78907556884
103	1.85076445358
104	1.70434368106
105	1.84715726207
106	1.36087059436
107	1.82938381987
108	0.904266071269
109	2.00658653502
110	1.73366375196
111	1.36327602736
112	1.9174973184
113	0.264805522451
114	1.06817212521
115	1.47083396841
116	0.98565634685
117	2.12541765362
118	0.436626639161
119	2.42865563685
120	2.07309905928
121	0.536029266158
122	2.49876939152
123	1.53355333183
124	0.842921999366
125	0.264805522451
126	1.28025431313
127	0.775806004324
128	0.264805522451
129	2.25868291623
130	0.264805522451
131	2.33453739148
132	2.04171031844
133	2.29761039634
134	1.25064628129
135	1.99340281656
136	0.276033485977
137	2.33031628114
138	1.13506200018
139	2.05008716833
140	0.309694177771
141	2.06111637925
142	1.12737842714
143	1.89799959945
144	1.89422790527
145	1.76567891508
146	1.89974361466
147	0.770745746201