res_num	entropy
1	2.17520876851
2	1.24604098575
3	0.74153453466
4	1.20478600575
5	1.73034734261
6	1.81837254596
7	1.55322504296
8	0.264805522451
9	2.31356434013
10	2.15926301482
11	1.64244492581
12	2.18237330916
13	0.553199353118
14	2.07689240022
15	0.526944659902
16	1.34104372181
17	1.82338590287
18	1.83926048163
19	2.39877800263
20	1.80817244528
21	1.28838710268
22	1.98569683202
23	1.36570827084
24	2.04698020004
25	1.30054041271
26	2.26463102611
27	1.25105234826
28	1.57927609231
29	1.82735668156
30	1.41271856682
31	1.6701139855
32	2.05838785409
33	2.13217742069
34	1.09847427845
35	1.45242323155
36	1.848652233
37	1.57396653312
38	0.853078947103
39	1.55197783615
40	0.999027013729
41	0.777857673963
42	1.42554993219
43	1.75860062781
44	1.83919359003
45	1.02095079708
46	2.30170961524
47	1.66165748839
48	1.7650361088
49	1.88368653111
50	2.2423661361
51	2.12631600063
52	1.97175996649
53	1.57886695451
54	1.36107528178
55	2.44952190861
56	1.68331844958
57	1.45591888482
58	1.64573375362
59	1.69945714294
60	1.69713567638
61	1.3154832191
62	1.96715865455
63	2.19506708116
64	1.41107240755
65	1.88655846988
66	1.68173213089
67	1.24711394213
68	2.02673140551
69	2.01363425432
70	1.5989827736
71	1.77282738336
72	2.00191245623
73	1.80194510911
74	1.02066019969
75	1.32293166558
76	1.82215668177
77	1.87406466148
78	1.35401178433
79	2.22078515014
80	1.56206632341
81	1.17677707138
82	2.05949634682
83	1.88181185233
84	1.44794106755
85	2.20853094306
86	1.03846198285
87	1.72504598938
88	0.779329428269
89	1.64207944929
90	1.36013512039
91	1.6203552965
92	2.23098830273
93	1.87766736946
94	2.07342715955
95	1.75025260366
96	0.836229250961
97	1.65790601441
98	1.75317311135
99	0.768993823483
100	1.80997582213
101	1.91446755462
102	0.264805522451
103	1.13533354593
104	1.39928635145
105	0.729720132995
106	2.06358316668
107	1.70728609141
108	1.86419987902
109	1.90473658992
110	1.98570911862
111	0.585782746049
112	0.917566645857
113	1.0705142452
114	1.88879716884
115	0.828771676477
116	1.13051919666
117	1.85094588033
118	1.9262714213
119	1.75162933368
120	1.8551379298
121	1.65297443425
122	1.83471907453
123	2.01075245768
124	1.87349317196
125	1.85491320719
126	1.74382493106
127	1.87419880104
128	1.68086204968
129	1.33563503751
130	1.70062419899
131	2.00346163679
132	2.21512372798
133	1.52076024347
134	1.15463930022
135	2.40271082842
136	1.57700315976
137	2.04906608428
138	2.10803117055
139	2.00134001595
140	0.985210480873
141	1.7401659689
142	2.24485863238
143	1.60349371185
144	1.49929066357
145	1.76696915256
146	1.81502636848
147	1.91772322963
148	2.05497944966
149	1.93814950994
150	2.02029839938
151	1.43158831505
152	0.984153326326
153	1.91869859819
154	1.54461130434
155	1.52805561183
156	2.01221443957
157	1.14021915256
158	1.11456166334
159	0.933509477695
160	1.74896706287
161	1.05920279629
162	0.864446377522
163	0.774339890991
164	2.05841817033
165	1.97813410953
166	1.23911328373
167	1.44917546195
168	2.05155495421
169	1.81223654174
170	1.40168914828
171	1.91738538893
172	2.00477723519
173	2.05879410987
174	1.9287982252
175	2.15737518564
176	2.11223000612
177	1.70300096414
178	1.08641011877
179	2.16116431016
180	2.21839101689
181	1.00742103044
182	1.57940229301
183	0.264805522451
184	1.98509535132
185	1.31347634063
186	1.6336681194
187	1.71854730548
188	1.31466102888
189	2.08382977029
190	1.26638741608
191	1.10153607299
192	1.76727180171
193	1.81499403955
194	1.60870412774
195	2.08323051733
196	1.25575306655
197	1.95895107398
198	2.07503896543
199	1.64825544185
200	1.24112123157
201	2.01973688849
202	1.72208793039
203	0.750057865325
204	1.77087775683
205	1.43249889245
206	1.7878165598
207	1.7263860631
208	1.69339990769
209	1.04033820931
210	0.671471483423
211	1.38164887221
212	1.11260865803
213	1.04674364049
214	1.76677253713
215	1.47832953681
216	1.82347869464
217	1.85019524839
218	1.76514139407
219	0.969443589106
220	1.43531385947
221	0.949493798623
222	2.11556589728
223	1.75563207588
224	1.22362509055
225	1.71039022225
226	1.95380700002
227	1.02476836889
228	1.71738326792
229	2.05633542327
230	1.98070024161
231	1.71849410758
232	1.63929777117
233	1.48548954105
234	2.09532940165
235	2.00502572075
236	1.71397941162
237	1.55713425955
238	1.68170543402
239	0.960241432148
240	2.05213290091
241	0.942805689049
242	1.7446736651
243	1.30673468565
244	2.2878538872
245	1.47242382566
246	1.69600873366
247	2.23108739526
248	1.91360304653
249	1.76871114346
250	1.03788054902
251	1.4874589575
252	1.50676059829
253	1.95647164575
254	1.86512489048
255	1.14715610069
256	1.78745829549
257	1.8941442884
258	0.264805522451
259	0.393919833648
260	2.12349724239
261	1.70922760188
262	1.7174502789
263	0.677095654227
264	1.63557126453
265	1.8874026176
266	0.417755921921
267	2.35844751698
268	1.89851217169
269	2.01072040518
270	0.264805522451
271	1.88858705251
272	1.32311804453
273	2.14279086078
274	1.10490594843
275	1.35229623642
276	1.05827513247
277	2.00260557302
278	0.331107043472
279	1.83608562957
280	1.29511955716
281	1.93889769344
282	1.8795147012
283	1.46257966547
284	1.51141063133
285	1.97457694917
286	1.78374598063
287	1.62259525783
288	1.72433493747
289	1.54544279416
290	1.6978632862
291	1.44710253579
292	1.71939802874
293	1.18148017824
294	1.73567729454
295	1.55975089969
296	0.324756683422
297	0.841719182919
298	1.46019206359
299	1.38191175866
300	2.36772829596
301	0.656489122363
302	0.784359947172
303	1.58197373328
304	1.39488941481
305	0.68387565523
306	1.7106619425
307	1.93903515408
308	1.43868628167
309	1.85486833866
310	1.41753763919
311	1.55721365708
312	0.704372717458
313	1.72734241381
314	1.85359363359
315	1.80802486667
316	1.49632288637
317	1.99828890535
318	1.64650463049
319	0.957035423389
320	1.70927232967
321	0.534293324379
322	1.89484700459
323	0.264805522451
324	2.09065348474
325	1.7247168696
326	1.89311775206
327	0.359367172447
328	2.02114677825
329	1.88997618705
330	2.079047356
331	1.35517665423
332	2.09434101125
333	1.63834244312
334	1.36754335968
335	1.74062499176
336	1.35909269886
337	0.962192525852
338	1.55687567782
339	1.37802991363
340	1.07816355832
341	1.21180674002
342	0.356075867304
343	0.737894669521
344	1.59853677642
345	1.86362949616
346	1.4788571911
347	1.9099469226
348	2.14034685785
349	1.03286675968
350	0.926866406379
351	1.08514481865
352	1.60339056337
353	1.2974532161
354	2.22764794615
355	0.563274923812
356	2.19805905233
357	1.71899032041
358	1.75938746421
359	1.79054760744
360	1.44895256833
361	1.30845504181
362	1.13253195424
363	1.21350083847
364	2.01238926948
365	1.22308284664
366	2.06596654557
367	1.41117469761
368	0.985212707931
369	1.46864299984
370	0.304873345174
371	1.701729796
372	1.99118966075
373	0.313548104193
374	2.0433482453
375	1.84833269423
376	1.7553435494
377	1.03163798139
378	0.580888732396
379	1.97442994071
380	1.21056458831
381	1.95952856964
382	1.50087294036
383	0.904013871898
384	1.92290781587
385	2.04448807415
386	1.72165280513
387	1.69495569127
388	1.06845454783
389	1.65304451745
390	1.35465092411
391	1.026613462
392	1.67249384584
393	1.83144740754
394	1.58119015532
395	1.82885171529
396	1.36850642036
397	2.23175248054
398	1.79916654418
399	1.85644367565
400	2.00679273787
401	1.57712660253
402	2.05105996116
403	1.25821566309
404	1.35373109584
405	0.89766581389
406	2.08352275284
407	2.1258863893
408	1.30836087435
409	1.86644975264
410	1.20305855466
411	1.31695984968
412	1.36489313989
413	0.984125384151
414	1.37818182902
415	1.83047730932
416	1.70309761567
417	1.35442333897
418	1.41543657932
419	1.5116210598
420	2.0664052955
421	2.05438194279
422	0.801375224422
423	1.49250944826
424	1.16269798484
425	2.04406809033
426	1.62036493319
427	2.08767157408
428	1.46653470934
429	1.65121301665
430	1.94652975809
431	2.04970220477
432	1.19012789389
433	1.8395863021
434	1.6232632053
435	1.82867146434
436	2.05901846975
437	2.15578106964
438	1.41430224824
439	2.42004596814
440	1.17530428065
441	2.11381075687
442	2.09821658498
443	1.90205833787
444	0.54216306747
445	1.3933220756
446	1.68205811358
447	1.3320109313
448	1.95496606469
449	1.51726874048
450	2.13699247089
451	1.93669304023
452	1.27229696386
453	1.6867287925
454	1.93980278492
455	1.75758301912
456	1.1705627029
457	1.78446649318
458	1.64570783685
459	1.81943734522
460	1.9405058897
461	1.70478865341
462	0.463131185459
463	0.264805522451
464	1.80952955312
465	1.90000677559
466	0.991625784497
467	0.925781553319
468	2.27370411117
469	1.6056775301
470	1.95189069078
471	1.48005678153
472	0.937964043367
473	1.94980600642
474	1.79482039755
475	2.19797697291
476	2.08961018955
477	1.61468005159
478	2.18297833499
479	2.13664060768
480	2.27568878556
481	2.01212537115
482	2.04669353863
483	1.65817081538
484	2.22442302606
485	2.09110613978
486	2.24094393848
487	1.05708763714
488	0.738309474946
489	1.22286243329
490	1.79598618252
491	1.33700449956
492	2.08423120733
493	1.18152893179
494	2.02828707367
495	0.358880329404
496	1.38932342694
497	1.75668980062
498	1.90729285177
499	0.501034167013
500	1.54243019033
501	1.6370139293
502	0.581695943134
503	1.1359282863
504	1.86547292085
505	1.55110401502
506	0.585940963683
507	1.33757012015
508	1.93226936424
509	2.17583895308
510	0.264805522451
511	0.264805522451
512	1.54972946739
513	0.865092173307
514	1.53487392371
515	1.67866275301
516	1.63450763361
517	0.555725113672
518	1.45969746696
519	1.12092331855
520	2.33493570608
521	0.748390489222
522	1.62460014575
523	0.761638131065
524	0.466817536215
525	2.0638677657
526	1.19441004759
527	0.427403561676
528	2.35224788306
529	2.15206543196
530	1.45412658715
531	0.559322385588
532	1.56111660468
533	1.91979369829
534	1.58783531394
535	1.63479119401
536	1.39072797325
537	0.598875028813
538	1.95807431632
539	1.65261560861
540	1.31905653358
541	0.724300441384
542	1.79298388122
543	1.93200232975
544	2.17905351917
545	1.87039004238
546	1.21506487039
547	1.26486153825
548	1.5723342438
549	0.264805522451
550	1.05288567333
551	0.264805522451
552	0.276033485977
553	1.18339700103
554	1.05078734605
555	1.62647075263
556	1.52504689497
557	1.94658677658
558	2.03054516339