res_num	entropy
1	2.04513030976
2	1.65836199298
3	2.14670262553
4	2.17286192088
5	1.53244617981
6	1.80969452157
7	1.55074541847
8	0.33211522872
9	2.03043517142
10	1.91781852051
11	1.03825991148
12	1.47226938044
13	2.29698069266
14	1.95924899431
15	1.95736963941
16	0.297469636158
17	0.264805522451
18	1.68794838087
19	2.29358820854
20	2.27340503232
21	2.2023388062
22	1.93819063827
23	1.32069677532
24	1.90097112601
25	2.3046543506
26	1.70057113349
27	2.01275056159
28	2.45615701335
29	2.24346774271
30	1.83756233297
31	0.979848638265
32	1.17714126934
33	2.30061278457
34	2.32106846285
35	2.18689803433
36	1.90095093364
37	1.15567876025
38	1.91090546855
39	2.14497252598
40	0.712931345254
41	0.858707467971
42	1.67023375101
43	1.90761942253
44	1.32797915936
45	0.374201296062
46	0.264805522451
47	1.39789352402
48	1.90746768811
49	1.33984455163
50	1.92863225527
51	1.55566288812
52	2.22155119857
53	0.662627727216
54	1.90702149148
55	1.51875316145
56	1.77051546304
57	0.92752433679
58	0.846029721909
59	1.3736394439
60	1.20096620752
61	1.76899078679
62	0.743113675675
63	2.21174335761
64	0.264805522451
65	2.08061216279
66	1.81731131656
67	2.07950977563
68	2.01796891566
69	2.24284864387
70	1.71959260728
71	2.09353714873
72	1.75986424556
73	1.71055130409
74	2.03625964045
75	0.997891081713
76	1.93467000044
77	2.09369788557
78	0.851843412731
79	1.54296487911
80	2.20936256972
81	1.75442490146
82	2.07300877242
83	1.84114268637
84	2.13307016201
85	1.36225861993
86	2.22076666781
87	2.03299261606
88	2.21087287899
89	0.520466559878
90	1.70483440564
91	0.728563594227
92	0.890591819599
93	1.36374372456
94	0.264805522451
95	1.85154655499
96	1.54954578906
97	1.24207888209
98	1.62268769531
99	1.78097367594
100	1.5981910363
101	0.367268797447
102	1.21733054235
103	1.60874315737
104	2.26897817083
105	1.2707775398
106	1.2378830182
107	1.00074896547
108	2.25847726415
109	0.539860782649
110	1.49707711738
111	0.948173677674
112	2.36518025771
113	2.26449233888
114	1.1407934835
115	1.41344176838
116	2.21506153302
117	1.66910622909
118	0.994771227823
119	2.38321742142
120	1.90246001261
121	0.297469636158
122	1.76511177875
123	2.36651264259
124	1.63882554437
125	1.22954707787
126	2.38623060434
127	1.85317102685
128	1.8500130173
129	2.27731631174
130	1.91939121284
131	2.10145421451
132	1.65638302801
133	2.00250000008
134	2.100346825
135	2.36581906592
136	1.29391020527
137	1.50542032639
138	1.06705302384
139	1.36256310072
140	2.02201267526
141	1.85429218475
142	1.55091273341
143	1.78459681043
144	0.905831457705
145	0.535823655741
146	1.47639416285
147	0.298477821406
148	1.6474772295
149	1.16552073189
150	1.74240020292
151	1.90156369477
152	1.71292563908
153	0.366765260528
154	1.84523304121
155	1.43981325486
156	1.2252096012
157	1.81417881881
158	1.97293546383
159	1.76454014656
160	1.7587100803
161	1.97032794668
162	1.88197267701
163	2.3700494137
164	1.79954733994
165	2.37109300124
166	1.85068285888
167	0.840210789127
168	1.09603354258
169	2.02666053006
170	0.932301629226
171	1.36501262027
172	2.25384812438
173	1.58485928328
174	2.54768763582
175	2.03103533011
176	1.98384321021
177	1.93923016149
178	2.09373542293
179	2.34004574159
180	1.83257443818
181	1.69982614087
182	1.92542403677
183	2.30715834515
184	1.80054969446
185	1.72545501347
186	1.96369470122
187	1.60915904103
188	1.95232657935
189	1.60685216057
190	2.1334934592
191	1.92471091128
192	2.34934490778
193	2.14731962535
194	2.39633686756
195	2.00491873901
196	1.87812027138
197	2.15930764439
198	2.23159606538
199	1.87985007677
200	1.93384675772
201	2.31427204809
202	2.27952344124
203	2.21855309641
204	2.22058758104
205	1.06689291719
206	1.50700608259
207	1.86212306743
208	1.94945255758
209	0.925736461089
210	1.07254870843
211	1.21014550658
212	2.1098848499
213	0.894087810473
214	1.73678311198
215	1.96185683634
216	2.44265903615
217	1.08719887238
218	2.29155572274
219	2.04493339571
220	1.15608948309
221	0.442249173656
222	1.76119570788
223	1.49715641798
224	0.828535982937
225	1.66844083703
226	1.73284049878
227	0.309694177771
228	2.0895847838
229	1.55020994115
230	1.10976011273
231	1.6410684973
232	1.70845561421
233	1.85831431739
234	1.66263802068
235	1.65369883093
236	1.6977851837
237	0.776030371715
238	2.10888780747
239	1.89620209797
240	1.53579174017
241	1.80155380692
242	1.54263554522
243	1.19669635694
244	1.49814460901