res_num	entropy
1	1.55913327106
2	1.36858773333
3	1.58249478353
4	1.51286250757
5	1.17052428134
6	1.65727194985
7	2.10405815519
8	1.96441994521
9	2.04149950151
10	1.94427063514
11	2.34994495494
12	2.07737672433
13	2.17514036304
14	2.04016352281
15	2.28737161312
16	1.38670203286
17	2.08513735122
18	2.10358276607
19	2.29188009628
20	1.98714152997
21	2.06151231072
22	2.27046412893
23	1.84147514962
24	1.25870640311
25	1.1808843103
26	1.82818348585
27	1.15225443741
28	1.95093946734
29	1.55383773216
30	0.659901716801
31	1.39009935064
32	1.89942087771
33	2.03040102926
34	0.286249402965
35	1.66612842281
36	2.0611589431
37	2.1955136474
38	2.09840610865
39	1.82067857981
40	1.89801440938
41	2.07891597508
42	0.974122308071
43	1.45012584713
44	1.98804989467
45	1.36294604566
46	1.50362201989
47	1.94883236902
48	1.93573515972
49	1.02632798825
50	1.78168263719
51	1.78772492588
52	0.856816055938
53	2.0647354768
54	1.84965793935
55	1.29458530402
56	1.87384943964
57	1.97328245986
58	1.20727422283
59	1.91809086366
60	2.0711171091
61	1.52701342804
62	2.08009224326
63	2.27766556877
64	1.97063511635
65	0.52860277153
66	2.27214706433
67	2.17110030178
68	2.08273178856
69	1.76620883559
70	1.36319300559
71	0.589355736993
72	1.63013856079
73	1.00344646071
74	1.14483246898
75	1.65905033257
76	2.19075732675
77	2.02528050482
78	1.74370793701
79	1.47626468261
80	2.26753956247
81	2.13804421091
82	1.89447184874
83	0.705283860396
84	0.93450846753
85	1.41829323918
86	1.18956040066
87	1.99898590451
88	1.88471196087
89	1.76497952397
90	1.80679902658
91	1.37933074897
92	1.30328749628
93	1.71627761938
94	0.735528617447
95	0.692495493903
96	1.71413658484
97	1.74390817277
98	1.75280964334
99	2.19995483229
100	1.94669762821
101	2.33771537783
102	1.76708166755
103	1.87126146212
104	2.20163920452
105	2.16520506588
106	2.31620303262
107	2.3280289807
108	1.91618533003
109	2.22346801941
110	1.68489685633
111	1.71408859252
112	1.72598550146
113	2.03612928804
114	2.11118315883
115	2.07334603834
116	2.23007604218
117	0.880532746557
118	1.93746511432
119	1.97674949709
120	1.88137811878
121	2.19901883245
122	0.522652944326
123	2.16352293481
124	2.4792723558
125	2.15032262434
126	2.3226604717
127	2.11040406027
128	1.56033748413
129	0.651611057806
130	2.3649028175
131	2.20637554664
132	1.2121801146
133	1.50863070717
134	2.010375513
135	1.2304254215
136	1.93234774342
137	0.929528586613
138	1.31397547467
139	1.93227696057
140	2.19574571234
141	1.48620281807
142	2.19173380145
143	1.74093224855
144	1.81322541035
145	1.62419261616
146	2.07887240441
147	1.80140891616
148	1.86863360166
149	1.9505805522
150	1.23874095605
151	1.95923452059
152	2.03274769683
153	1.71627144701
154	1.90585237674
155	2.16063762822
156	1.93483262288
157	1.92987557343
158	2.02261520125
159	0.923003807193
160	1.19396983712
161	2.24053225068
162	1.74911553449
163	2.07837347854
164	2.42150338796
165	2.34507976532
166	2.17673775429
167	2.25844130083
168	1.42656147995
169	1.98909500169
170	1.96422283485
171	2.30627832395
172	2.08342945116
173	2.24035474591
174	2.12900201244
175	1.98941847228
176	2.13765167218
177	2.26131784572
178	1.92992551342
179	2.30636718701
180	1.98854102909
181	1.88026574087
182	0.589421807498
183	0.48004678052
184	2.22593549747
185	2.35061170839
186	2.11942584059
187	2.07574683518
188	2.01433116845
189	1.91083073489
190	0.264805522451
191	1.49386273867
192	1.84623449745
193	2.10511672522
194	1.97937675612
195	2.32325275868
196	2.12479738393
197	2.06556596256
198	1.96180671382
199	2.08123197289
200	1.28195653978
201	1.82810084136
202	1.69053074864
203	2.07475683915
204	2.02526743504
205	1.99677789055
206	0.264805522451
207	1.93360138684
208	1.70083525385
209	1.6395532399
210	1.3730682434
211	2.1482414881
212	1.93375683252
213	0.347683475057
214	1.96517943542
215	2.15683330191
216	2.3319780165
217	0.264805522451
218	2.0389611206
219	2.52309136019
220	1.79525827197
221	1.87327798312
222	2.15779856306
223	1.52331389618
224	1.51299192769
225	2.08803329046
226	0.264805522451
227	2.02224043938
228	2.43815113808
229	2.21196949342
230	2.34954332482
231	0.486060730755
232	2.0015973038
233	0.671598251435
234	2.00572351033
235	0.572529921723
236	2.27058316673
237	1.71861460405
238	0.633031885281
239	1.79563739646
240	2.10355921798
241	2.15214806956
242	0.264805522451
243	1.00701689492
244	1.72761781604
245	1.83281690458
246	1.03941436504
247	1.8338518843
248	1.24201207851
249	1.92600794265
250	1.46144594151
251	2.03519473929
252	1.32695197521
253	2.00262672875
254	1.99693660851
255	1.80958202792
256	1.82566259914
257	1.90348105483
258	2.06630359063
259	1.78659525544
260	1.89672112284
261	2.01166540428
262	1.65382890202
263	1.84698113785
264	2.05887969632
265	1.75220608791
266	1.46108061803
267	2.2534321329
268	1.98100508363
269	1.99441629719
270	1.80598010403
271	1.8357759897
272	1.24583892807
273	2.06186551638
274	1.98767552237
275	2.26073251586
276	1.92277023738
277	2.2302868722
278	2.14465026167
279	1.91569213745
280	2.06345043289
281	2.09446014553
282	1.80506556116
283	1.65674972062
284	2.02628722218
285	1.93559538189
286	0.429238243951
287	1.45875661156
288	2.08107854189
289	1.72550960811
290	1.65200725004
291	2.04607751703
292	2.20770595307
293	1.36971410805
294	2.17165183771
295	1.77742228058
296	2.39168218998
297	1.76047514242
298	2.40669550154
299	2.02149180936
300	2.52268384801
301	0.942205812215
302	1.95071525344
303	1.95234525242
304	1.01084609548
305	2.0441337299
306	1.74750768118
307	1.05592384527
308	0.969000945971
309	0.951511615355
310	2.00074272787
311	1.71760663946
312	0.648954255297
313	1.89165126089
314	1.06640031651
315	2.09672942745
316	0.827687394823
317	0.297469636158
318	2.48936974006
319	1.6880942143
320	2.08265143227
321	1.92046076589
322	2.246665003
323	1.41566324525
324	1.18702633459
325	2.1962290781
326	2.2308414518
327	0.420901363316
328	1.86908274208
329	2.0836479146
330	1.39202161763
331	1.22983245329
332	1.6659843612
333	2.28771121483
334	0.338632449679
335	1.67268353817
336	1.96260911037
337	2.28715385772
338	2.25259209301
339	0.264805522451
340	2.06652422705
341	1.85931076268
342	2.17553004656
343	2.33518120574
344	1.85696478483
345	2.05975721928
346	2.25531200848
347	1.61678437364
348	1.86680129304
349	2.17393224648
350	2.06972889216
351	1.1765831865
352	2.18237300663
353	1.69728940445
354	1.88168211462
355	1.07313217611
356	1.93068077659
357	2.01929828176
358	1.90212715035
359	2.1483510451
360	2.26982216403
361	1.04364705061
362	2.14239422392
363	1.76838628832
364	2.12616961057
365	1.59807011488
366	2.35963542622
367	1.44050634782
368	1.88142177756
369	2.15087989132
370	1.7367560272
371	1.9035362597
372	2.25542171877
373	1.38298168493
374	1.96240438396
375	1.37306386689
376	1.75551185163
377	1.93204424634
378	2.06480297784
379	1.57984884749
380	2.35867785221
381	2.09777248824
382	1.53341281779
383	2.11472732163
384	2.41739165132
385	2.1341106608
386	2.29040359889
387	1.73900181093
388	1.48182991861
389	0.73773159814
390	1.61271154131
391	0.84332027516
392	0.264805522451
393	0.939867031488
394	1.78916739572
395	0.894187513652
396	1.27610065479
397	1.98514769654
398	1.52844247746
399	2.39240435094
400	2.02620617829
401	1.68751058204
402	1.22192695206
403	1.93349474526
404	1.86938346345
405	0.264805522451
406	0.620848414081
407	0.710353192024
408	1.07778251496
409	2.44033155167
410	1.82521498428
411	1.46881319885
412	2.02163812932
413	1.2134322748
414	1.6239770463
415	1.88222119262
416	1.64450682292
417	1.33900816337
418	1.89973327956
419	2.05879271137
420	1.90588088522
421	2.50477560138
422	0.725782825789
423	1.47024163432
424	2.17829580397
425	1.65282603127
426	2.34224062045
427	2.07594126555
428	1.92619152192
429	1.90247198661
430	2.02244357993
431	1.9241005307
432	1.76226813652
433	1.35260251079
434	1.91737503891
435	1.26384055526
436	2.00779292585
437	2.03176391205
438	2.21804363427
439	1.40814528754
440	1.61833038527
441	1.34403007521
442	2.38140451186
443	2.23665468414
444	1.84468657134
445	1.95752792365
446	2.39732680093
447	1.66196236604
448	0.912676124011
449	2.05688337237
450	0.812589893086
451	1.830780664
452	1.94281385879
453	1.76574713529
454	2.33141784814
455	1.76375097842
456	1.9622852001
457	1.89287560716
458	2.12070611752
459	2.03330757978
460	0.264805522451
461	2.15260828007
462	1.05439604192
463	0.931460285328
464	1.24249878384
465	1.17669379737
466	0.748988275376
467	1.94578225471
468	1.87109254564
469	2.04934733336
470	2.33533529785
471	1.62446429044
472	2.13595246978
473	0.264805522451
474	2.18795823346