#Residue      AvgRMSD        Stdev
       1       4.8310       1.1891
       2       3.6410       0.9366
       3       2.8605       0.8208
       4       1.9634       0.5849
       5       2.0740       0.5587
       6       1.1140       0.3348
       7       1.2440       0.3949
       8       1.0987       0.4234
       9       1.8467       0.6021
      10       2.0953       0.8237
      11       3.2068       0.9971
      12       3.6122       1.1068
      13       2.6452       0.9230
      14       2.1030       0.7857
      15       1.9900       0.7690
      16       1.8850       0.7229
      17       1.7778       0.6617
      18       1.8445       0.6845
      19       1.8356       0.8026
      20       2.7685       1.2021
      21       3.0187       1.1888
      22       3.0009       1.0591
      23       3.1610       1.0427
      24       3.1522       0.8688
      25       2.0858       0.6748
      26       1.8904       0.6658
      27       1.1280       0.5233
      28       1.4682       0.5892
      29       1.4930       0.6820
      30       1.4131       0.7875
      31       1.6816       1.0151
      32       1.4243       0.8145
      33       1.6357       0.8777
      34       1.6843       0.8951
      35       2.2206       1.1063
      36       2.2604       1.0335
      37       1.9564       1.0110
      38       1.7865       0.9420
      39       1.9377       1.0927
      40       1.9995       1.0177
      41       1.9444       0.9800
      42       1.9322       0.8550
      43       1.7859       0.8973
      44       2.0406       0.8718
      45       2.2587       1.1395
      46       2.9089       1.0400
      47       2.2651       1.0434
      48       1.6645       0.6622
      49       1.7292       0.6004
      50       2.0167       0.7057
      51       1.9801       0.6010
      52       1.9658       0.6089
      53       2.2138       0.5011
      54       2.0258       0.6323
      55       1.9868       0.6208
      56       2.0690       0.4783
      57       1.5288       0.5057
      58       1.1789       0.4001
      59       0.9040       0.3316
      60       1.0625       0.3586
      61       1.0061       0.3579
      62       0.7952       0.3131
      63       0.7236       0.2669
      64       1.0322       0.3940
      65       1.5717       0.4192
      66       2.2430       0.5042
      67       2.5116       0.6991
      68       2.7766       0.8300
      69       2.6766       0.6595
      70       3.5876       1.1598
      71       2.3859       0.8071
      72       2.5273       0.7358
      73       2.5938       1.3226
      74       1.8409       0.8074
      75       1.4630       0.7369
      76       1.5741       0.6233
      77       1.6175       0.6992
      78       1.6794       0.7987
      79       1.8711       0.7832
      80       1.6983       0.5588
      81       1.9726       0.5606
      82       1.8160       0.5357
      83       2.3555       0.6946
      84       2.4315       1.0550
      85       2.6679       0.8422
      86       2.6628       1.5873
      87       3.5856       1.3770
      88       2.2010       0.6811
      89       1.7754       0.5299
      90       1.7612       0.5402
      91       2.6810       0.7815
      92       1.5067       0.5000
      93       1.6571       0.5221
      94       1.3473       0.4989
      95       1.5401       0.6570
      96       0.9101       0.3685
      97       1.1481       0.4428
      98       0.9534       0.4316
      99       0.9746       0.3596
     100       1.2488       0.4682
     101       1.2729       0.5214
     102       1.0817       0.4336
     103       1.1513       0.4166
     104       1.2621       0.4532
     105       1.2730       0.4753
     106       1.3391       0.5447
     107       1.3129       0.6143
     108       1.7458       0.8001
     109       1.9271       0.6199
     110       2.6100       0.7617
     111       2.1978       0.6957
     112       1.5444       0.5032
     113       1.3055       0.5027
     114       1.3786       0.4667
     115       1.5915       0.4578
     116       1.7629       0.5869
     117       1.8000       0.5342
     118       1.9087       0.5995
     119       1.8756       0.7208
     120       1.8052       0.7060
     121       2.6878       1.0851
     122       2.3732       0.9489
     123       2.6169       0.8831
     124       2.7633       1.0540
     125       3.4620       1.4054
     126       3.2095       1.4126
     127       2.5084       1.1437
     128       2.2762       1.1318
     129       2.3330       0.8345
     130       2.8327       0.6052
     131       2.1839       0.9675
     132       1.9728       0.7942
     133       1.6600       0.7619
     134       1.7641       0.7587
     135       1.9900       0.9107
     136       1.8535       0.7842
     137       2.1929       0.6029
     138       2.4924       0.8054
     139       2.7496       1.0507
     140       3.3973       1.4600
     141       3.5812       1.4120
     142       2.5949       1.0609
     143       2.2969       0.9775
     144       1.8227       0.7430
     145       1.4307       0.5436
     146       1.3843       0.3676
     147       1.5446       0.3709
     148       1.2715       0.3051
     149       1.2133       0.3742
     150       1.3743       0.5406
     151       1.4757       0.6840
     152       2.0988       0.8725
     153       2.0591       0.9792
     154       2.2175       1.1386
     155       3.0257       1.4763
     156       4.2390       1.9355
     157       2.8925       1.6346
     158       2.7323       1.4649
     159       2.5449       1.1829
     160       2.8238       1.2867
     161       2.8714       1.1871
     162       3.2712       1.0667
     163       3.2084       1.0951
     164       3.2058       0.9024
     165       3.0866       0.7804
     166       3.2673       0.6689
     167       3.5844       0.8548
     168       3.3785       0.8070
     169       3.1445       1.0490
     170       2.7758       0.9554
     171       2.7747       1.1189
     172       2.0454       0.9510
     173       2.2141       0.7769
     174       1.9056       0.6232
     175       1.3582       0.4619
     176       1.3419       0.4725
     177       1.0568       0.3503
     178       1.1640       0.3980
     179       1.0754       0.3878
     180       1.1779       0.4285
     181       1.1380       0.4763
     182       1.2794       0.6059
     183       1.3981       0.6657
     184       1.6813       0.7363
     185       1.8415       0.8112
     186       1.8415       0.8287
     187       2.0313       0.9143
     188       1.7739       0.7816
     189       1.7040       0.7465
     190       2.0513       0.9412
     191       2.1270       1.0681
     192       1.8345       0.9133
     193       1.9272       0.9213
     194       2.2767       1.1523
     195       2.3158       1.0508
     196       2.2943       1.0178
     197       2.6965       0.9710
     198       2.4266       0.7478
     199       2.4619       0.6771
     200       2.2381       0.5834
     201       2.5569       0.6818
     202       2.4336       0.6221
     203       3.0327       0.8470
     204       2.7661       0.5394
     205       2.8403       0.7865
     206       4.3614       0.9682
     207       4.2022       0.6090
     208       2.1308       0.5434
     209       2.3106       0.5782
     210       2.2275       0.6550
     211       2.4508       0.5618
     212       2.3008       0.7083
     213       2.0586       0.6659
     214       1.5949       0.7058
     215       1.5899       0.7508
     216       1.9255       0.8304
     217       2.7803       0.7973
     218       2.2630       0.6119
     219       2.0466       0.8213
     220       2.1974       0.8553
     221       2.0824       0.8353
     222       2.0498       0.8369
     223       2.2463       0.9061
     224       1.6939       0.6573
     225       1.7223       0.7089
     226       1.3098       0.5884
     227       1.2383       0.5409
     228       1.2381       0.5311
     229       1.1513       0.5022
     230       0.8807       0.3402
     231       1.1161       0.4002
     232       1.1448       0.4595
     233       1.3587       0.5367
     234       1.7842       0.6949
     235       2.7720       0.8663
     236       3.3400       1.1328
     237       2.9872       1.0583
     238       3.0064       1.0826
     239       3.5374       1.0742
     240       3.6243       0.8517
     241       2.5311       0.6790
     242       2.7899       0.7857
     243       2.3920       0.6366
     244       2.8949       0.7329
     245       2.3876       0.7351
     246       2.6289       0.8896
     247       1.9894       0.7673
     248       1.4775       0.5892
     249       1.6944       0.5596
     250       1.3734       0.5543
     251       1.6861       0.6050
     252       1.2668       0.4904
     253       1.4310       0.4095
     254       1.3429       0.3918
     255       1.3842       0.3811
     256       1.2237       0.3697
     257       1.4743       0.4449
     258       1.4745       0.5681
     259       1.8744       0.7684
     260       2.7158       0.6078
     261       3.1607       0.7914
     262       4.4296       0.8867
     263       3.4733       0.8389
     264       2.3673       0.8757
     265       1.9297       0.8098
     266       1.7003       0.5641
     267       2.1451       0.5873
     268       1.9851       0.5932
     269       2.3910       0.6823
     270       2.3881       0.6360
     271       1.9715       0.7646
     272       1.9874       0.8117
     273       2.1714       0.8192
     274       1.8423       0.7590
     275       1.8880       0.8597
     276       2.0545       0.8224
     277       1.8719       0.8311
     278       1.8201       0.9168
     279       1.7921       1.0072
     280       1.6862       0.8266
     281       1.7337       0.9078
     282       1.9011       0.8232
     283       1.9820       0.6210
     284       2.1891       0.5615
     285       1.7078       0.7317
     286       1.7075       0.8045
     287       1.6169       0.6356
     288       2.3351       0.6534
     289       1.7649       0.9750
     290       2.7425       1.3201
     291       2.2679       1.1459
     292       1.9284       1.0259
     293       1.7414       0.9851
     294       1.7391       0.8470
     295       1.8162       0.9352
     296       2.4145       0.9302
     297       2.3069       0.8390
     298       2.5767       0.8819
     299       2.2867       0.8050
     300       1.8400       0.8281
     301       1.5452       0.8225
     302       1.6056       0.7756
     303       1.6761       0.8513
     304       1.6580       0.6416
     305       1.5883       0.7436
     306       1.5074       0.7747
     307       1.5263       0.7927
     308       1.8023       0.8683
     309       1.8426       0.8114
     310       1.5418       0.7168
     311       1.7126       0.7825
     312       1.6937       0.6696
     313       1.3453       0.6924
     314       1.3794       0.6419
     315       1.4178       0.6723
     316       1.3509       0.5174
     317       1.8110       0.5745
     318       1.4840       0.4943
     319       0.7971       0.3395
     320       1.0509       0.4128
     321       1.3973       0.5854
     322       2.1321       0.6535
     323       2.2089       0.5949
     324       2.8524       0.5953
     325       3.7673       0.9300
     326       3.5346       0.7117
     327       2.0031       0.6879
     328       3.4056       1.2052
     329       6.0012       1.1530
     330       4.5495       0.8998
     331       3.0704       0.7290
     332       3.1750       0.6968
     333       2.9247       0.6747
     334       1.9721       0.6978
     335       1.9215       0.7609
     336       2.1515       0.8649
     337       2.2455       0.9547
     338       4.4914       1.3625
     339       4.7406       0.9563
     340       5.2935       0.9730
     341       2.7185       0.8728
     342       3.1337       0.6751
     343       2.2823       0.7661
     344       2.9676       0.7344
     345       3.5703       0.7606
     346       3.0056       0.6162
     347       1.9766       0.7481
     348       2.3878       0.6751
     349       2.0109       0.6338
     350       1.3201       0.4958
     351       1.2157       0.4981
     352       1.2886       0.5323
     353       2.4336       0.7072
     354       2.9101       0.8745
     355       3.7953       1.0473
     356       4.2240       1.0946
     357       5.5008       1.3307
     358       5.7970       1.3851
     359       4.9382       1.4236
     360       4.5120       1.2569
     361       4.6237       1.3801
     362       3.3938       0.9628
     363       2.9342       0.9855
     364       2.3181       0.8407
     365       2.4036       0.8117
     366       3.6110       1.0377
     367       3.7905       1.2380
     368       2.8474       0.7862
     369       2.5682       0.7150
     370       3.2812       1.0773
     371       3.4541       1.1847
     372       2.8095       0.7740
     373       2.3977       0.8081
     374       2.4445       0.8880
     375       2.4455       0.8009
     376       2.5421       0.8174
     377       2.3084       0.7883
     378       2.0025       0.8381
     379       2.1956       0.8383
     380       2.3312       0.9085
     381       2.0054       0.8805
     382       2.0302       0.8755
     383       2.0713       0.8751
     384       2.4815       1.0977
     385       3.7845       1.4396
     386       3.7750       1.4452
     387       2.7897       1.0646
     388       4.1232       1.2600
     389       4.5822       1.2124
     390       2.9873       0.8766
     391       2.0865       0.7089
     392       1.7814       0.5389
     393       1.9516       0.7385
     394       3.1138       1.1380
     395       3.2387       0.9363
     396       2.5676       0.7419
     397       1.3496       0.5755
     398       1.4915       0.5037
     399       1.6278       0.5182
     400       2.7460       1.0613
     401       2.6246       1.3884
     402       2.1482       1.1180
     403       3.2398       1.2697
     404       4.9259       1.5753
     405       4.2045       1.2859
     406       2.4391       0.9630
     407       4.0127       1.2899
     408       5.1533       1.4949
     409       3.7257       1.1236
     410       2.8383       1.1168
     411       4.8046       1.5012
     412       5.1019       1.4238
     413       3.3337       0.9629
     414       3.2556       1.1822
     415       4.4259       1.5193
     416       3.8204       1.2407
     417       2.4743       0.9606
     418       2.8482       1.2560
     419       3.0701       1.2455
     420       2.5772       0.8568
     421       1.8921       0.8881
     422       1.7640       0.9390
     423       1.9106       0.7158
     424       1.8681       0.7128
     425       1.3907       0.6923
     426       1.6047       0.6993
     427       1.8244       0.5784
     428       1.4602       0.5109
     429       1.5001       0.6913
     430       2.3384       0.8524
     431       2.4343       0.6384
     432       1.5702       0.5240
     433       2.2201       0.8682
     434       2.6088       0.8408
     435       1.9185       0.5565
     436       1.5117       0.5800
     437       2.3377       0.6486
     438       2.4461       0.6130
     439       1.6024       0.4670
     440       2.2132       0.4886
     441       3.2284       0.6496
     442       2.6754       0.6099
     443       1.8245       0.5039
     444       3.2335       0.7116
     445       3.6665       0.8107
     446       2.2558       0.6466
     447       2.2948       0.8117
     448       3.7654       1.0209
     449       3.4237       0.8709
     450       2.0420       0.7152
     451       2.8593       1.1674
     452       3.5419       1.2681
     453       3.2383       0.9042
     454       2.4991       1.0376
     455       4.2228       1.4242
     456       4.0707       1.5421
     457       2.7310       1.3959
     458       2.4525       1.2721
     459       3.4466       1.3711
     460       3.7498       1.4307
     461       4.4725       1.4385
     462       5.0460       1.3411
     463       4.7511       1.0997
     464       3.0489       0.8966
     465       2.7938       0.8439
     466       2.4732       0.9006
     467       2.9477       1.0788
     468       2.6228       1.0304
     469       3.1984       1.3474
     470       2.8522       1.1531
     471       3.3246       1.0262
     472       2.8196       0.8408
     473       3.4454       1.1026
     474       3.7871       1.2285
     475       3.5646       1.4564
     476       2.4870       1.1342
     477       2.4264       0.9941
     478       3.1911       1.2945
     479       2.9472       1.2556
     480       2.0407       0.8652
     481       2.4508       0.8740
     482       3.7063       1.0815
     483       3.5401       0.9842
     484       3.8697       1.2008
     485       3.0174       0.9456
     486       3.3272       1.1315
     487       3.2646       1.0535
     488       3.4318       1.3903
     489       2.5880       1.1687
     490       2.5429       1.2137
     491       3.0895       1.4783
     492       4.0463       1.6936
     493       3.3552       1.6753
     494       3.2179       1.6574
     495       4.1549       1.9087
     496       4.8964       1.9779
     497       4.5826       1.8674
     498       5.2103       1.6716
     499       5.8153       1.6992
     500       5.6108       2.0171
     501       7.5875       1.9722
     502       9.3005       2.2081
     503       8.8678       2.5746