rmsd
8.40686417687
8.09453443414
10.4201950062
8.11629465462
9.68611946967
5.65621968879
8.41349414319
12.3755095857
11.413126382
8.30103618823
9.01587847298
7.63846819404
8.81360257949
9.01200259058
11.0035878284
10.4718083567
7.6595013909
7.57197286664
9.9570652054
6.847214023
7.50145898248
11.3417690123
8.33585142511
9.56971743739
9.65011210318
8.42320030177
10.5030323371
8.80575222546
9.58263484285
2.38325051043
6.96376324791
5.47378657427
7.29272984189
7.33755615022
9.44543035959
6.00931615028
7.45179449821
5.24117018706
9.6968704939
10.2547606722
9.89932434265
10.7849515029
7.06358335579
9.9152959205
10.9177833461
10.3395539092
7.12837059546
6.90486603058
7.1974294399
6.57762904991
6.4179428833
9.41787512499
8.92668214833
7.02847455727
10.7260743201
6.41341907237
6.77374492524
7.82138532558
8.8585048677
6.17638904736
9.71669554348
10.1057569282
7.61078406194
8.43685192136
6.52602525189
10.7641483976
7.93312264501
8.52155656065
8.47612911527
8.45315192195
8.74169517687
8.02391084876
9.34639543483
7.14713793303
11.9863491249
10.6614188773
9.93339828653
8.72938359864
6.54055415987
9.11942593161
7.7603989859
7.69830167375
7.9651943764
10.2521142755
6.64149459794
8.12874828201
8.05280144407
9.13172900626
11.3333645845
8.29981096875
7.12920422824
8.1672583119
9.97652582907
9.0462530999
8.79696276788
8.8871877806
11.6284754645
6.06658750539
10.7664572857
6.19642184725
6.77328667572
14.97888798
7.0968570848
8.30438429393
10.692057308
7.25029156808
10.7263636864
9.45066353213
6.22290691074
9.54490670551
8.52570922993
11.5050120107
9.13750907652
7.29579275933
10.715712738
9.93469767565
10.2495129097
8.20378039226
6.8408384479
5.607460349
11.0281497203
9.07839778262
4.60967751683
7.98077565012
11.3404960719
7.03847297403
7.86092380637
7.70157551133
10.1013866365
9.58638722114
7.01657088422
7.36430164921
9.13886449246
9.15097040782
10.2309287251
8.64191492909
9.13939494362
7.10237304201
6.59118691135
11.0364736707
6.89588569026
11.944142147
7.86574638529
9.03760057842
4.40929254419
10.1768646201
8.56508449599
8.51902772005
10.4806912545
11.014036357
7.03857806532
8.33297265642
7.81193313649
9.01105223115
1.87983127043
7.31052245653
1.68753215269
8.9877545923
6.41918438957
7.26436097337
9.12936474861
8.18061027695
11.5730774542
8.28549430982
1.6334849506
6.62170717209
10.4663411192
8.9468175594
1.49400047893
7.61629242719
10.2870908877
8.93418014127
5.50929439865
9.62656465256
9.50633062636
1.59936239718
9.04946504405
7.83661902604
6.30939699512
10.1248764773
6.2040527556
10.02501383
8.39223397484
7.71423246883
14.5663395481
10.4127368584
9.19746542503
8.19011491391
13.600566827
7.1184222526
7.09125153024
7.91877187475
10.9402384877
9.74220471088
7.11857749149
8.73499384521
6.68514060565
8.89492236799
1.58201430133
1.63100028851
6.01787675952
8.00883997222
1.58972552285
8.79521858514
1.75980786303
4.88833766069
1.82415577782
1.79107887677
6.51714743579
10.09646223
9.36888300117
6.82371087342
1.88126674622
7.86769240598
9.13338198912
1.968044116
7.82325749114
7.98927742448
2.24096690728
8.06333037581
6.0171369553
10.9000474092
9.38888561286
8.98670913527
6.24417261374
7.27161079034
7.94346228838
2.30156794274
8.84368522392
7.24706489278
6.48010635384
7.55825865557
9.44891377644
9.31166859662
2.20349544721
8.17024054834
5.64461571437
8.37046317979
11.1645575575
7.62338258292
8.07886187749
6.91766215795
8.58805850594
7.99580264887
8.4681421698
9.8176680762
6.23402277103
6.93377078489
10.7626399469
7.19857683271
2.215692722
10.2721370443
7.01402913604
10.5436559647
8.9639390626
6.27440831357
6.63750211687
7.1546128707
5.94170927248
14.3477686857
12.7405645612
7.07380447907
2.01114571123
9.51745269528
9.76034593738
8.717408639
5.77351703784
13.442523634
7.22963300199
7.93542584232
8.88681225525
2.16844590159
6.13532502044
5.70982405393
5.18198218489
9.77562583007
4.93768697934
11.2848721869
9.388848551
15.2890309288
1.61841399456
8.48324280576
7.98177368727
7.73589661083
1.75235824333
8.36148375788
11.8905290412
1.82051559707
8.92309867896
5.4922409234
8.14880557473
9.64597289141
7.07582730096
6.01044285107
4.67592293262
11.0525255427
8.45086345284
12.2146826625
11.9169736274
11.7074860584
5.0522264204
11.6161210813
12.1987356031
7.04267262031
6.15827912319
8.30455540662
1.92513090712
10.9216601106
1.79934335004
7.87858971243
8.5575489673
4.84824652089
7.88744706554
15.2621982804
8.34654109133
10.1065801693
4.69395733114
7.71775723223
8.79588732228
6.50981219314
10.8605164012
9.13303849184
10.9829218983
10.4673383697
16.2237966178
8.87519311258
7.23865318575
7.03502200888
9.04722218475
10.1269170648
11.6365092092
10.0648295037
6.66998903148
5.94914950868
11.2805378774
7.37210157799
7.6594047536
10.1422613644
10.3922281373
8.58289223989
10.914610659
4.70402839577
5.23787815349
10.4916597504
10.7746581478
9.16536968362
7.1791138334
13.7303510739
8.64147620881
8.48261977738
2.23663530576
6.65053007006
7.8367429542
6.96638170107
5.11265245215
10.2877040428
7.40825997707
6.92664900559
4.62843717417
6.59192392189
8.9066106009
10.2527391127
9.22112912336
1.71724922765
9.55240847732
9.45886971127
6.56159265425
9.11933857754
8.63222827064
9.64528611847
6.25998565457
9.37752546387
8.10537872304
9.42717088382
13.8452157083
7.6807191756
5.39440668371
6.43290058944
6.3555876562
8.0766104757
7.66690952954
9.02678714383
6.84722987875
9.45714098744
9.66341977584
8.67883782644
8.3614097248
8.53718191401
7.78233646694
10.1952941846
5.54351533886
1.57863110778
10.0193743514
5.49484420854
7.395857461
9.02579638756
11.6793780597
6.67310764244
1.86493943274
9.41876007738
8.83214687074
7.51089414067
8.37881526056
12.3153195063
6.74549350237
7.5326551296
11.6144517873
8.36875457097
8.16380178634
7.51972090275
1.50016984854
5.80703087279
10.4661021688
10.8001084061
8.72742427375
7.47635004645
6.48807456815
9.99516917072
6.09435665983
6.03910825525
9.16391820707
7.75838661087
8.08874925202
9.64763118714
7.15052144423
7.60768809976
7.1998595378
11.9877109477
6.57161854143
7.59578040037
7.48397533876
10.455869516
8.19583249544
7.58093816607
6.20685138334
7.37963257796
7.91490459604
6.23125749201
14.1434724584
8.86961657029
10.7244012123
9.47685187359
7.8770682224
9.06404185872
5.14495354344
13.4269451317
13.4211590263
10.465456685
6.62638398623
9.24837760015
5.81504108088
8.38610707508
7.55452009223
7.63359227385
11.0244771615
8.60229341368
9.47475935539
6.24002087816
8.37350613844
8.68260036884
7.21878224025
6.82553061596
8.89285692614
9.05566465561
13.9459788335
8.62792082959
9.10278683489
9.58405311014
7.15322330926
9.20452038001
8.11731345369
5.71903835075
11.3058817711
5.9720702695
10.8815979046
9.71886653389
14.6976235679
7.80847562102
6.03538221358
8.33351666212
7.06535820624
8.45192131651
11.1755171205
10.9410111773
11.3202165255
7.91630921424
6.56373239541
7.67341108839
7.30083095338
14.1239512134
7.4625608032
10.1963546533
8.6283745707
6.9716283479
7.13626416931
7.3653754563
5.77912497447
6.99017707223
8.53276719986
6.69115963244
10.9912760482
5.169927414
10.4699296647
9.18008344919
7.29043903865
9.81879910477
7.74366032099
8.18266106614
8.08826181099
11.4928692414
7.71796499459
11.8036496039
14.4311021571
7.61019556519
11.3381071491
11.4398655959
8.29953870594
11.8040554797
12.6769947166
5.75513717333
7.8132859188
6.72856089752
8.1771303061
8.32644038692
7.17242962307
11.5067200473
6.50383195608
4.69463007434
9.82331449841
7.4559713169
8.39453032082
8.65638864844
6.09656127205
8.14822434548
9.43289983031
6.99761598911
9.52156573901
11.713723056
9.81199181451
10.915901659
6.88739443912
9.03544591568
13.9929017603
8.46932794733
8.33214397504
8.6947452888
10.1837116741
12.8453439107
7.43441209897
10.4907583456
13.2539642952
13.2325085585
10.1964408451
6.59372646028
5.97234213784
8.59914849565
9.96229713959
