172	0.0008
974	0.0006
972	0.0005
968	0.0002
969	0.0006
970	0.0004
163	0.0007
16	0.0008
59	0.0007
24	0.0007
58	0.0007
156	0.0008
130	0.0008
131	0.0001
154	0.0001
137	0.0005
138	0.0006
170	0.0007
15	0.0007
10	0.0009
242	0.0006
244	0.0006
11	0.0008
14	0.0009
167	0.0009
132	0.0003
133	0.0005
139	0.0005
140	0.0004
254	0.0006
237	0.0004
218	0.0006
900	0.0010
799	0.0008
487	0.0007
406	0.0006
887	0.0008
186	0.0009
712	0.0009
352	0.0007
382	0.0007
911	0.0006
450	0.0007
722	0.0007
408	0.0006
451	0.0007
190	0.0003
189	0.0004
484	0.0006
478	0.0005
404	0.0005
480	0.0006
886	0.0005
720	0.0006
458	0.0006
788	0.0006
474	0.0006
454	0.0007
888	0.0008
375	0.0008
821	0.0008
479	0.0007
351	0.0005
357	0.0006
380	0.0006
12	0.0007
373	0.0006
587	0.0006
966	0.0007
476	0.0006
625	0.0006
376	0.0006
159	0.0007
405	0.0006
245	0.0004
241	0.0005
374	0.0006
431	0.0007
819	0.0008
413	0.0008
367	0.0007
534	0.0008
891	0.0006
430	0.0007
414	0.0006
933	0.0006
890	0.0006
678	0.0006
42	0.0004
43	0.0004
26	0.0003
27	0.0001
39	0.0001
38	0.0004
41	0.0002
40	0.0003
28	0.0004
29	0.0002
32	0.0004
33	0.0001
46	0.0004
47	0.0003
50	0.0002
51	0.0002
54	0.0003
55	0.0002
37	0.0002
36	0.0003
30	0.0003
31	0.0000
34	0.0000
35	0.0003
45	0.0001
44	0.0003
48	0.0003
49	0.0002
53	0.0002
52	0.0003
751	0.0008
685	0.0008
761	0.0006
535	0.0005
770	0.0008
705	0.0008
368	0.0008
513	0.0008
521	0.0005
520	0.0006
935	0.0008
456	0.0010
997	0.0009
771	0.0009
279	0.0009
280	0.0000
507	0.0009
379	0.0009
704	0.0009
219	0.0009
926	0.0009
531	0.0009
13	0.0009
486	0.0008
721	0.0008
20	0.0009
232	0.0009
540	0.0008
157	0.0008
452	0.0008
234	0.0001
255	0.0006
256	0.0006
226	0.0004
125	0.0001
126	0.0001
127	0.0001
231	0.0006
1012	0.0008
166	0.0006
144	0.0004
143	0.0004
60	0.0007
162	0.0007
155	0.0007
21	0.0006
23	0.0006
253	0.0007
18	0.0007
248	0.0008
61	0.0009
153	0.0008
134	0.0008
227	0.0008
973	0.0006
995	0.0004
978	0.0004
971	0.0004
996	0.0003
217	0.0003
993	0.0007
1007	0.0007
994	0.0007
229	0.0007
230	0.0004
168	0.0009
171	0.0009
1016	0.0009
56	0.0009
158	0.0008
141	0.0006
142	0.0004
164	0.0008
161	0.0007
195	0.0008
146	0.0006
145	0.0004
135	0.0006
136	0.0003
169	0.0008
151	0.0008
173	0.0008
25	0.0000
1015	0.0000
129	0.0008
282	0.0000
283	0.0000
281	0.0000
19	0.0008
182	0.0008
1008	0.0001
338	0.0006
359	0.0008
347	0.0003
330	0.0005
333	0.0005
327	0.0002
339	0.0004
353	0.0004
346	0.0004
329	0.0005
334	0.0004
326	0.0004
332	0.0003
344	0.0004
345	0.0004
354	0.0005
323	0.0005
340	0.0005
324	0.0005
361	0.0004
343	0.0005
331	0.0005
349	0.0005
325	0.0005
342	0.0004
355	0.0004
360	0.0005
337	0.0005
335	0.0005
356	0.0004
336	0.0004
152	0.0009
713	0.0008
466	0.0010
725	0.0010
512	0.0010
409	0.0009
220	0.0009
794	0.0008
683	0.0009
586	0.0007
403	0.0007
698	0.0009
1017	0.0009
377	0.0008
797	0.0008
585	0.0009
483	0.0008
369	0.0006
796	0.0007
519	0.0009
510	0.0008
785	0.0009
455	0.0009
904	0.0009
194	0.0009
149	0.0008
516	0.0009
514	0.0010
350	0.0008
341	0.0008
523	0.0010
980	0.0011
412	0.0011
485	0.0011
384	0.0009
711	0.0008
688	0.0010
701	0.0010
532	0.0010
700	0.0010
508	0.0010
706	0.0010
481	0.0009
524	0.0009
522	0.0009
525	0.0008
457	0.0008
689	0.0007
515	0.0007
807	0.0007
708	0.0007
517	0.0007
925	0.0008
669	0.0008
371	0.0008
482	0.0008
468	0.0008
723	0.0009
183	0.0009
790	0.0009
786	0.0009
410	0.0009
702	0.0009
22	0.0009
174	0.0008
165	0.0008
243	0.0005
240	0.0004
192	0.0009
1011	0.0008
791	0.0008
381	0.0009
715	0.0008
509	0.0009
160	0.0008
411	0.0008
259	0.0008
407	0.0009
724	0.0011
792	0.0013
429	0.0018
453	0.0019
909	0.0022
193	0.0055
551	0.0068
844	0.0009
929	0.0007
386	0.0007
837	0.0005
836	0.0006
459	0.0005
853	0.0005
753	0.0006
316	0.0007
727	0.0006
860	0.0006
581	0.0006
421	0.0006
867	0.0006
811	0.0006
424	0.0006
865	0.0006
396	0.0005
923	0.0005
395	0.0006
642	0.0005
856	0.0006
397	0.0005
650	0.0005
180	0.0001
951	0.0002
961	0.0001
965	0.0001
964	0.0001
953	0.0001
957	0.0001
954	0.0001
959	0.0001
948	0.0002
950	0.0001
963	0.0001
956	0.0001
960	0.0001
952	0.0001
1009	0.0001
958	0.0001
942	0.0001
944	0.0001
939	0.0001
946	0.0001
940	0.0001
943	0.0001
941	0.0001
947	0.0001
945	0.0001
962	0.0002
955	0.0002
949	0.0003
184	0.0006
321	0.0006
387	0.0006
292	0.0007
303	0.0005
366	0.0006
839	0.0006
767	0.0006
561	0.0006
772	0.0005
674	0.0006
300	0.0005
739	0.0004
732	0.0001
297	0.0005
869	0.0006
440	0.0006
874	0.0005
529	0.0001
871	0.0005
528	0.0005
898	0.0005
719	0.0006
666	0.0007
876	0.0006
449	0.0006
804	0.0006
716	0.0006
919	0.0006
436	0.0006
862	0.0006
866	0.0006
832	0.0005
684	0.0005
672	0.0006
936	0.0005
310	0.0006
443	0.0005
736	0.0002
315	0.0005
605	0.0006
426	0.0006
284	0.0006
718	0.0006
566	0.0004
565	0.0001
809	0.0003
838	0.0006
616	0.0006
895	0.0006
604	0.0006
612	0.0005
825	0.0005
800	0.0005
846	0.0005
789	0.0005
755	0.0005
731	0.0005
401	0.0005
417	0.0005
492	0.0005
289	0.0005
291	0.0006
319	0.0006
913	0.0005
762	0.0005
556	0.0005
802	0.0005
462	0.0005
437	0.0005
398	0.0005
759	0.0005
905	0.0005
644	0.0006
805	0.0005
643	0.0005
787	0.0004
538	0.0006
541	0.0004
910	0.0005
470	0.0005
663	0.0005
884	0.0005
897	0.0005
892	0.0005
667	0.0005
609	0.0004
597	0.0005
868	0.0004
918	0.0005
446	0.0005
599	0.0004
596	0.0004
640	0.0004
882	0.0004
901	0.0004
633	0.0005
615	0.0005
652	0.0004
594	0.0004
441	0.0004
603	0.0004
607	0.0004
438	0.0003
488	0.0004
493	0.0005
660	0.0004
634	0.0004
795	0.0004
122	0.0001
181	0.0001
121	0.0009
1010	0.0001
123	0.0001
668	0.0006
313	0.0006
602	0.0006
916	0.0006
773	0.0005
402	0.0005
542	0.0006
875	0.0006
758	0.0006
985	0.0006
793	0.0005
567	0.0005
391	0.0005
648	0.0005
388	0.0002
921	0.0004
676	0.0005
461	0.0005
299	0.0005
987	0.0005
592	0.0005
877	0.0005
416	0.0005
318	0.0003
734	0.0003
757	0.0005
307	0.0006
781	0.0005
864	0.0005
400	0.0005
908	0.0005
664	0.0006
560	0.0005
777	0.0005
636	0.0004
661	0.0004
920	0.0005
927	0.0004
893	0.0005
614	0.0006
662	0.0005
651	0.0005
878	0.0004
622	0.0004
775	0.0005
717	0.0005
654	0.0004
389	0.0004
798	0.0005
638	0.0005
365	0.0005
490	0.0005
557	0.0005
902	0.0005
295	0.0005
627	0.0005
779	0.0005
394	0.0005
601	0.0005
641	0.0005
982	0.0006
563	0.0006
907	0.0005
494	0.0006
693	0.0005
763	0.0006
317	0.0006
287	0.0006
675	0.0007
728	0.0006
278	0.0003
277	0.0005
629	0.0007
768	0.0006
697	0.0006
530	0.0006
851	0.0006
801	0.0006
617	0.0006
826	0.0006
536	0.0007
681	0.0007
691	0.0007
896	0.0006
827	0.0007
857	0.0007
422	0.0007
322	0.0007
822	0.0008
558	0.0007
738	0.0006
680	0.0007
679	0.0008
301	0.0008
583	0.0007
852	0.0007
364	0.0007
306	0.0006
986	0.0006
835	0.0006
439	0.0006
810	0.0006
744	0.0006
62	0.0006
619	0.0004
645	0.0004
778	0.0005
393	0.0005
646	0.0005
383	0.0005
595	0.0006
286	0.0006
752	0.0006
847	0.0006
658	0.0006
843	0.0005
906	0.0005
491	0.0005
432	0.0005
445	0.0005
630	0.0004
917	0.0004
709	0.0005
816	0.0005
803	0.0004
312	0.0005
298	0.0007
733	0.0005
983	0.0005
806	0.0006
554	0.0006
606	0.0006
879	0.0006
564	0.0006
539	0.0006
735	0.0003
302	0.0004
829	0.0006
576	0.0006
570	0.0006
501	0.0006
553	0.0006
577	0.0006
766	0.0006
497	0.0006
608	0.0006
444	0.0006
880	0.0005
859	0.0005
872	0.0006
989	0.0006
653	0.0006
537	0.0006
363	0.0005
562	0.0006
818	0.0005
569	0.0005
729	0.0005
899	0.0005
505	0.0005
573	0.0005
575	0.0005
498	0.0006
580	0.0005
743	0.0006
695	0.0006
584	0.0006
555	0.0006
769	0.0005
579	0.0005
582	0.0005
552	0.0004
571	0.0004
692	0.0004
496	0.0004
499	0.0005
288	0.0005
503	0.0005
764	0.0005
783	0.0005
495	0.0005
502	0.0005
568	0.0003
572	0.0003
500	0.0005
464	0.0005
824	0.0005
756	0.0006
418	0.0006
472	0.0006
863	0.0006
858	0.0005
631	0.0007
841	0.0007
427	0.0006
694	0.0005
574	0.0006
469	0.0006
415	0.0005
754	0.0006
473	0.0007
433	0.0006
589	0.0006
820	0.0007
873	0.0007
885	0.0007
812	0.0007
620	0.0006
390	0.0006
649	0.0006
419	0.0006
623	0.0006
628	0.0006
730	0.0006
647	0.0006
780	0.0006
817	0.0005
914	0.0006
392	0.0005
191	0.0006
746	0.0006
677	0.0006
850	0.0006
673	0.0006
591	0.0005
611	0.0005
613	0.0006
296	0.0006
765	0.0005
903	0.0004
782	0.0005
747	0.0006
984	0.0006
833	0.0006
670	0.0007
434	0.0008
665	0.0006
657	0.0005
632	0.0006
737	0.0000
305	0.0006
308	0.0004
293	0.0005
304	0.0004
309	0.0005
320	0.0005
285	0.0006
588	0.0007
671	0.0006
314	0.0006
710	0.0006
840	0.0006
922	0.0006
290	0.0006
471	0.0006
618	0.0006
225	0.0006
600	0.0006
883	0.0005
639	0.0005
610	0.0005
774	0.0005
808	0.0005
870	0.0005
784	0.0000
656	0.0005
185	0.0005
425	0.0005
311	0.0005
696	0.0005
834	0.0006
659	0.0006
849	0.0006
749	0.0006
881	0.0006
912	0.0006
655	0.0006
435	0.0006
578	0.0005
504	0.0006
463	0.0006
489	0.0006
598	0.0004
894	0.0004
593	0.0004
590	0.0006
635	0.0006
748	0.0006
460	0.0006
559	0.0006
637	0.0006
750	0.0006
831	0.0006
690	0.0006
399	0.0006
362	0.0006
420	0.0006
294	0.0006
621	0.0006
726	0.0006
823	0.0006
423	0.0006
855	0.0006
988	0.0006
845	0.0005
448	0.0004
990	0.0004
848	0.0005
861	0.0003
842	0.0004
447	0.0005
428	0.0004
740	0.0006
442	0.0006
682	0.0006
760	0.0006
830	0.0006
776	0.0006
828	0.0006
854	0.0005
626	0.0006
1014	0.0061
128	0.0094
977	0.0052
2	0.0050
239	0.0051
7	0.0036
3	0.0013
177	0.0013
176	0.0012
8	0.0010
6	0.0010
175	0.0011
178	0.0010
4	0.0010
9	0.0010
150	0.0009
224	0.0012
222	0.0012
5	0.0016
97	0.0058
98	0.0008
99	0.0008
109	0.0009
213	0.0008
214	0.0006
73	0.0009
105	0.0008
199	0.0003
200	0.0011
113	0.0011
63	0.0011
103	0.0010
118	0.0012
101	0.0011
102	0.0003
228	0.0004
80	0.0007
114	0.0005
74	0.0008
94	0.0008
212	0.0000
211	0.0009
112	0.0007
107	0.0007
65	0.0008
85	0.0008
69	0.0008
89	0.0006
72	0.0007
76	0.0008
117	0.0008
202	0.0005
201	0.0006
88	0.0008
116	0.0007
197	0.0006
198	0.0003
91	0.0008
108	0.0006
90	0.0006
67	0.0007
68	0.0007
83	0.0008
106	0.0008
84	0.0008
79	0.0007
70	0.0008
71	0.0008
93	0.0008
1	0.0008
82	0.0008
66	0.0008
64	0.0008
100	0.0009
81	0.0008
206	0.0006
205	0.0005
75	0.0008
216	0.0004
215	0.0003
207	0.0008
208	0.0004
110	0.0006
115	0.0008
104	0.0007
120	0.0005
86	0.0007
87	0.0007
203	0.0008
204	0.0005
111	0.0008
95	0.0008
96	0.0010
209	0.0000
210	0.0008
78	0.0008
77	0.0008
179	0.0008
92	0.0012
119	0.0010
549	0.0044
550	0.0040
276	0.0032
251	0.0067
547	0.0061
252	0.0056
543	0.0070
267	0.0040
266	0.0014
275	0.0007
263	0.0007
264	0.0008
272	0.0007
269	0.0007
271	0.0005
270	0.0006
1021	0.0006
992	0.0006
223	0.0008
265	0.0008
274	0.0007
273	0.0008
268	0.0008
249	0.0042
247	0.0074
258	0.0044
813	0.0029
814	0.0020
815	0.0017
250	0.0068
548	0.0061
544	0.0036
545	0.0078
546	0.0052
742	0.0092
533	0.0080
246	0.0088
238	0.0055
928	0.0056
1006	0.0042
937	0.0026
981	0.0014
1004	0.0011
1002	0.0012
938	0.0011
262	0.0011
236	0.0013
1000	0.0013
124	0.0015
967	0.0873
998	0.0705
235	0.0150
1020	0.0012
975	0.0016
991	0.0013
979	0.0012
1005	0.0011
1001	0.0006
999	0.0005
1003	0.0009
915	0.0069
260	0.0054
261	0.0023
1013	0.0002
976	0.0027
931	0.0041
930	0.0035
934	0.0043
932	0.0051
741	0.0065
233	0.0056
196	0.0026
221	0.0030
924	0.0014
527	0.0010
518	0.0010
745	0.0009
703	0.0009
707	0.0009
526	0.0010
188	0.0006
187	0.0007
511	0.0010
328	0.0009
714	0.0007
624	0.0007
687	0.0006
477	0.0006
378	0.0005
372	0.0005
686	0.0005
699	0.0005
506	0.0006
370	0.0006
348	0.0006
889	0.0006
475	0.0006
385	0.0006
358	0.0006
467	0.0008
465	0.0008
1019	0.0008
57	0.0008
148	0.0000
147	0.0008
17	0.0008
257	0.0007
1018	0.0007
0	0.0008
