87	0.0064
124	0.0062
125	0.0043
122	0.0053
120	0.0012
119	0.0022
118	0.0003
80	0.0025
117	0.0025
79	0.0002
116	0.0005
123	0.0021
128	0.0017
42	0.0015
38	0.0015
115	0.0018
143	0.0023
114	0.0032
121	0.0034
126	0.0128
89	0.0078
133	0.0071
37	0.0002
36	0.0059
8	0.0048
9	0.0020
76	0.0080
127	0.0069
132	0.0033
129	0.0065
43	0.0035
7	0.0037
140	0.0038
32	0.0066
31	0.0056
21	0.0056
22	0.0005
19	0.0013
18	0.0039
17	0.0031
82	0.0068
58	0.0010
34	0.0002
35	0.0029
6	0.0022
86	0.0022
14	0.0016
27	0.0010
3	0.0046
2	0.0008
68	0.0005
11	0.0002
12	0.0007
41	0.0003
1	0.0003
30	0.0002
29	0.0007
23	0.0002
24	0.0002
139	0.0125
26	0.0007
136	0.0010
135	0.0011
40	0.0002
25	0.0012
142	0.0013
141	0.0002
39	0.0004
131	0.0038
44	0.0066
57	0.0050
45	0.0067
15	0.0025
46	0.0021
130	0.0071
138	0.0065
137	0.0089
134	0.0093
50	0.0003
90	0.0186
16	0.0485
144	0.0097
28	0.1209
92	0.0991
64	0.1069
65	0.0464
67	0.0187
20	0.0141
66	0.0292
85	0.0200
55	0.0127
54	0.0076
52	0.0008
53	0.0092
56	0.0117
69	0.0107
109	0.0023
84	0.0036
108	0.0060
105	0.0031
63	0.0030
103	0.0029
104	0.0025
4	0.0026
106	0.0018
107	0.0018
102	0.0003
51	0.0006
81	0.0036
101	0.0028
100	0.0034
97	0.0027
98	0.0028
74	0.0028
99	0.0028
59	0.0030
95	0.0027
75	0.0003
96	0.0032
83	0.0003
60	0.0026
73	0.0028
94	0.0024
93	0.0027
62	0.0122
13	0.0067
33	0.0052
10	0.0033
47	0.0063
71	0.0014
72	0.0017
61	0.0020
48	0.0023
49	0.0020
91	0.0020
70	0.0020
110	0.0027
112	0.0049
77	0.0041
111	0.0045
88	0.0019
113	0.0010
78	0.0044
5	0.0034
0	0.0142
