rmsd
2.55895918184
2.36635308697
2.15838453397
2.18198565332
2.2838894123
2.24858558763
2.3289228343
2.32799808988
2.23614698858
2.20712320948
1.96171411755
1.87137976284
1.80762007924
1.74890651405
2.04201195446
2.16938353397
2.09519118145
1.96147425957
2.28431402837
2.25244166363
2.11641027659
2.30284701862
2.38523825105
2.28669261881
2.28899370993
1.88000647452
1.96105184272
2.39594399284
2.28989418731
1.96838530649
2.36234459923
2.42266425282
2.40296177516
2.29276967343
2.25479320012
2.2572572978
2.03660506386
2.00647596996
1.868558861
2.03798298746
2.28605361648
2.23515120397
2.12371674999
2.11052695857
2.02954499536
2.28309074771
2.29612746652
2.08019273873
2.17113792661
2.37943794682
2.32960788223
2.14070468692
2.27325804974
2.40034960486
2.457399806
2.31123928323
2.22592695944
2.33776118719
2.43508944913
2.36542006764
2.3877022651
2.38487522624
2.2517039168
2.18154428092
2.28928048909
2.24377518136
2.09069678054
2.1727425071
2.16892286642
2.11954952142
1.98179082886
2.0660166599
2.12372942586
1.99816519349
1.91360473675
2.0824745666
2.05467937528
1.92986008022
1.95551392352
1.99467232077
2.05782289426
1.97068435352
1.9113565693
1.93869155989
1.89533660378
1.82218988372
1.71268369354
1.66895369724
1.66902317489
1.6073295906
1.49773010064
1.50480679004
1.60948835223
1.65194361384
1.62981497323
1.5961504984
1.64913810301
1.70983545141
1.75459522856
1.90692886744
1.96762827741
1.97368799771
1.82088827678
1.71214158224
1.62868056528
1.68584908854
1.75349887826
1.70347976503
1.67303818818
1.77630264134
1.8415370112
1.95153584716
2.08161883088
2.02105587017
1.943038288
2.0012738665
2.07418784766
1.97904768267
1.91056801339
2.05549879404
2.12655418489
2.01102415379
2.01730596766
2.17867666218
2.20094239647
2.07957191842
2.21883871595
2.38318749163
2.35060280217
2.23555982662
2.4354793799
2.3599622794
2.17174348063
2.02221398882
1.94129643871
1.84104569777
1.76214786937
1.77347972242
1.70788286955
1.73127945806
1.68545290251
1.87987678862
1.71427836721
1.67643902284
1.78680095207
1.92965655825
2.14074485743
2.29458398679
2.60447181104
2.59168918345
2.11430372316
2.02554862048
2.02762644238
1.87474188094
1.77126386487
1.77933109163
1.69006656082
1.71205398291
1.65370686372
1.7270553552
1.71481327165
1.68854277386
1.77513847245
1.79176673715
1.62924178916
1.62115118218
1.80868903294
1.74455533583
1.5987711342
1.7258642415
1.82664858648
1.67645200337
1.56551410238
1.58646910263
1.63326943513
1.61734915677
1.5659557711
1.63832931882
1.668994572
1.59963760807
1.70138044179
1.83475495619
1.77842207466
1.75113681027
1.76692519216
1.6502172692
1.67206779084
1.62594627824
1.52521978135
1.48995849133
1.4796329249
1.41894008461
1.41098735816
1.41336930188
1.45918625276
1.47459931528
1.49639143598
1.50651478962
1.53633332688
1.58149255661
1.61339527942
1.61869320064
1.64877943855
1.68455908659
1.73329586305
1.78021909862
1.8068221962
1.85162003257
2.00092324205
1.94416707275
1.88346908413
1.91701516207
1.8726609658
1.87406174304
1.92552102485
1.92443462661
1.9140697301
1.85449232099
1.95817196532
1.9828913391
1.96631435784
2.15920246623
2.04790660708
2.12288751097
2.08047866898
2.1781042075
2.21626232488
2.25995300293
2.10305611008
2.03486976979
2.1939957745
2.13584958159
1.96072915372
2.05653682733
2.17773844464
2.00660249197
1.96827941942
2.17921472557
2.15534478173
2.06460599168
2.17048517415
2.17447088884
2.25644793614
2.2872430594
2.11506463488
1.99321775973
2.08122661335
2.0975095897
1.90913362276
1.85462504175
2.03730071813
2.0206949094
1.81160385159
1.93920297802
2.12169037935
2.03099512628
1.84724602285
1.88683622226
2.05427614894
2.044047091
2.08210376312
2.08906194549
2.02185807049
1.95806114893
1.95917364976
2.0680889534
2.17123526591
2.14552477084
2.09387350923
2.16124268074
2.12646147069
2.18668299885
2.15069679577
2.07953401294
2.07210505654
1.92131155001
1.83702263544
1.78672846952
1.7067108024
1.58849377632
1.57263531116
1.51176507557
1.72323367525
1.80315131651
1.74321992082
1.81744594203
1.86492371015
1.84488975602
1.82140449456
1.85282867857
1.88770889517
1.8763341702
1.86594666117
1.90889444218
1.95165759928
1.89694820778
1.87703150462
2.01303582823
2.02384548123
1.94128459612
2.03277319029
2.16787353865
2.15361088407
2.08942991091
2.00006000885
2.07061702795
1.92992434526
1.91056241669
1.80279979187
1.74511005248
1.68459671982
1.7741943029
1.68326381043
1.86174784054
1.93591528092
1.80093110403
1.78585784997
1.75427537979
1.80503013859
1.80468332894
1.86130657371
1.93075659586
2.04917247734
2.27449549328
2.39155406603
2.43833462518
2.49248541894
2.36272624328
2.17222614743
2.24761772109
2.34038686407
2.18605598396
2.06897962052
2.24719765244
2.24791641838
2.07099352021
2.13194541377
2.30795297716
2.21573239393
2.08690468846
2.25812291053
2.37162110265
2.21577092253
2.17066292563
2.04281427099
2.119879188
2.07746853136
2.11439608567
2.249161495
2.43428705277
2.18884163602
2.30174390127
2.12178780804
2.0256137651
1.99232380856
1.93369523025
1.84717842649
1.84349015709
1.97149925245
1.87385679471
1.81677491075
1.69526210142
1.61615653178
1.70368225425
1.58199490316
1.65901232237
1.62105961085
1.71753755981
1.83891598353
1.99788187027
2.18395720229
2.10951164094
2.2290055008
2.55714849174
2.66469590859
2.45187333154
2.23505844297
1.77461803059
1.70190522916
1.55197483511
1.50561038457
1.57634468166
1.6585611983
1.79026467631
1.69539043966
1.78905114479
1.68276339242
1.59629091907
1.68861191487
1.69709455364
1.55563455157
1.56719274658
1.67352049335
1.62233068958
1.54141419982
1.64255915072
1.79536973515
1.78048129605
1.6864242984
1.73768170831
1.91258866649
1.68384026472
1.48142048909
1.45161458879
1.46154703218
1.42497277892
1.42103406081
1.45102910725
1.49747434789
1.48989657814
1.41572365134
1.47900473211
1.55395662667
1.58728197991
1.61398796894
1.746836099
1.72955818606
1.61315683835
1.74892414285
1.89674006229
1.76111992096
1.57240434152
1.62594898598
1.79382295586
1.72070430246
1.61013301711
1.65478427948
1.71101961323
1.62362571002
1.61463362709
1.7294689053
1.75054264359
1.72184891966
1.70547769424
1.65713122194
1.65061268585
1.72577706969
1.82521498156
1.65024900702
1.52444606807
1.52508540996
1.38549245935
1.46770917997
1.42027040054
1.43178865519
1.55569831889
1.49321567069
1.46688377348
1.49168325708
1.51226890505
1.52455633693
1.57809154609
1.55923624821
1.65947268444
1.67572560306
1.58170124206
1.68195076206
1.6912547711
1.52047295555
1.5065754527
1.62400384813
1.5864942885
1.49985802633
1.50645170269
1.66323996716
1.75170833304
1.75780157389
1.65569892382
1.92835238272
2.09324506318
1.95522445354
2.41825426921
2.42705521652
2.17753149556
2.25481128028
2.40891200489
2.19697674044
1.98974469681
2.10850041008
2.18149882063
2.02951189448
1.98942008341
2.14639073551
2.14705473037
2.07516404899
2.13947376724
2.22999134685
2.20018858391
2.12070874931
2.17316882821
2.04000580413
2.12322223767
2.23070225801
2.15733487736
2.31979388973
2.19711639231
1.99623610361
2.10120713305
2.17108625796
2.01222858504
1.97063605918
2.10405086581
2.0448187117
1.86368943298
1.93648126762
2.10475111799
2.01333808573
1.92879682103
2.12587974124
2.24570337082
2.13293804732
2.19916590753
2.18343076556
1.98665745965
1.89503832435
2.0346059626
2.0177841321
1.80062479088
1.83717715008
1.96310057619
1.8647298794
1.78119469982
1.88949192193
2.03105361202
2.09471790841
2.15406404678
2.27123660548
2.51148582677
2.58627853173
2.5544347007
2.67294008729
2.61899906686
2.36938584898
2.58861474217
2.24316780283
2.16319648007
2.69830558317
2.71342594584
2.23971479306
2.91936062037
2.09378240577
2.55597969955
2.74808326476
1.52222529314
1.37552970587
1.50862336396
1.52018232916
1.50956217254
1.45386462915
1.44295880036
1.48597882887
1.35175616688
1.41817973003
1.47629451069
1.52141211097
1.59483941723
2.00404022383
