#Residue      AvgRMSD        Stdev
       1       9.3438       5.1877
       2       8.2819       3.4412
       3       9.2588       3.9255
       4       9.7793       3.8609
       5       7.2357       2.8510
       6       6.7191       1.0557
       7       6.9948       1.5820
       8       6.0975       1.0450
       9       5.7016       1.2259
      10       6.1672       1.0148
      11       5.7547       1.0825
      12       6.1958       0.9756
      13       3.9891       0.8656
      14       4.9060       0.8298
      15       3.5624       0.6920
      16       3.0432       0.6723
      17       2.6596       0.6692
      18       2.1353       0.2994
      19       2.2948       0.6511
      20       5.2222       1.1275
      21       5.9504       1.2155
      22       3.6139       0.9577
      23       2.3741       0.8050
      24       0.8859       0.3629
      25       1.5078       0.6280
      26       2.2609       0.6724
      27       2.8853       0.6942
      28       3.4526       0.7616
      29       3.3383       0.7871
      30       3.1075       0.6861
      31       2.2769       0.5731
      32       1.8707       0.4640
      33       1.9492       0.5345
      34       2.2145       0.6110
      35       2.2184       0.5643
      36       1.8284       0.4920
      37       2.5768       0.6626
      38       3.0827       0.8682
      39       2.5144       0.7057
      40       2.1735       0.6706
      41       1.9538       0.5707
      42       2.8710       0.7161
      43       3.0267       0.7844
      44       2.7189       0.6970
      45       2.7627       0.7443
      46       3.4447       0.8985
      47       3.3959       0.8458
      48       3.2278       0.8082
      49       3.3152       0.9624
      50       3.7494       1.0972
      51       3.8849       0.9658
      52       3.9730       0.9761
      53       3.8696       0.9332
      54       3.9151       0.9859
      55       3.9096       1.0330
      56       4.0232       0.9209
      57       3.5153       0.9811
      58       3.6435       0.9957
      59       3.6596       0.9177
      60       3.6701       0.9535
      61       3.7886       1.0485
      62       3.4834       0.9339
      63       3.2561       0.8774
      64       3.3829       0.9971
      65       3.4105       1.0211
      66       2.9091       0.8567
      67       2.8530       0.8101
      68       3.1764       0.8828
      69       2.9451       0.8414
      70       2.4894       0.7292
      71       2.6228       0.7627
      72       2.4470       0.8580
      73       3.0804       1.0202
      74       2.7316       0.9290
      75       3.1752       1.0201
      76       3.2508       0.9717
      77       3.1087       1.0955
      78       3.3738       1.1302
      79       3.3880       0.9299
      80       3.0979       0.7543
      81       3.2615       0.9192
      82       3.4034       0.8993
      83       3.0669       0.7418
      84       3.1208       0.6987
      85       2.7622       0.7904
      86       2.8840       0.7124
      87       2.6865       0.6910
      88       2.1173       0.4797
      89       1.7856       0.4269
      90       2.0508       0.4636
      91       2.6427       0.5319
      92       2.3152       0.5504
      93       2.3082       0.5737
      94       2.8035       0.6365
      95       3.2751       0.6733
      96       2.9070       0.6890
      97       3.3226       0.6601
      98       4.0405       0.7372
      99       3.8396       0.7663
     100       3.8915       0.7394
     101       4.5724       0.8082
     102       4.6739       0.9086
     103       5.5155       0.9482
     104       5.3327       1.0025
     105       5.0162       1.1751
     106       4.0254       0.7685
     107       3.7624       0.8343
     108       2.7847       0.8856
     109       3.2250       0.6615
     110       3.3455       0.8062
     111       4.4132       0.8356
     112       4.6659       0.9541
     113       3.7063       0.9374
     114       5.5467       1.1203
     115       3.5345       1.0777
     116       3.2798       0.9440
     117       3.2823       0.9485
     118       3.0977       1.0020
     119       3.1333       0.9854
     120       2.9490       0.8819
     121       2.9027       0.8685
     122       2.9523       0.8676
     123       2.7322       0.7588
     124       2.4896       0.6877
     125       2.6356       0.6828
     126       2.6771       0.6455
     127       2.3196       0.5299
     128       1.9847       0.4382
     129       2.1365       0.4933
     130       2.1093       0.4826
     131       1.9303       0.4260
     132       1.3343       0.4721
     133       1.4578       0.5510
     134       1.7403       0.4768
     135       1.1179       0.4000
     136       1.1375       0.4049
     137       1.9387       0.5164
     138       2.3210       0.5479
     139       2.0226       0.5082
     140       1.7968       0.6008
     141       1.2466       0.4649
     142       1.8411       0.8517
     143       1.6773       0.7294
     144       1.7868       0.7241
     145       1.8542       0.6452
     146       2.1931       0.6479
     147       2.8101       0.6222
     148       2.7927       0.7210
     149       3.1627       0.8197
     150       2.9350       0.6428
     151       2.8394       0.6692
     152       2.4096       0.5673
     153       1.5365       0.4613
     154       1.9734       0.4762
     155       2.1680       0.4673
     156       1.4637       0.3989
     157       1.1955       0.3130
     158       1.4892       0.3749
     159       1.2810       0.4908
     160       0.9016       0.3089
     161       1.1278       0.5253
     162       1.3602       0.5280
     163       1.8574       0.4576
     164       1.9999       0.4909
     165       2.0004       0.5198
     166       2.2861       0.6667
     167       2.6939       0.7091
     168       2.2598       0.6736
     169       1.6522       0.5386
     170       1.7316       0.5142
     171       2.1019       0.5805
     172       1.5232       0.5414
     173       1.3136       0.3959
     174       1.5891       0.4670
     175       1.4588       0.4002
     176       0.9795       0.2705
     177       1.1947       0.3543
     178       1.4934       0.4283
     179       1.1322       0.3603
     180       1.0240       0.3770
     181       1.9729       0.5057
     182       2.9530       0.4986
     183       3.5284       0.4193
     184       4.1381       0.3661
     185       2.9143       0.4367
     186       2.4498       0.5440
     187       2.6557       0.5640
     188       2.6447       0.6896
     189       2.6662       0.6974
     190       2.9292       0.6991
     191       3.0801       0.7506
     192       3.0495       0.7915
     193       3.3992       0.8096
     194       3.7811       0.8606
     195       3.7037       0.9210
     196       3.9690       0.8304
     197       4.6484       0.9487
     198       4.6124       1.0277
     199       4.4827       1.0464
     200       3.8653       0.9675
     201       3.8168       0.8997
     202       3.5910       0.8645
     203       3.0592       0.8907
     204       3.2476       0.8792
     205       3.2175       0.8343
     206       3.0181       0.8279
     207       2.9853       0.8224
     208       3.0236       0.7970
     209       2.8974       0.7682
     210       2.9551       0.8120
     211       2.9974       0.7721
     212       3.0970       0.7269
     213       4.7303       0.7557
     214       6.0459       1.0628
     215       4.5606       0.5271
     216       2.4449       0.7494
     217       2.0900       0.9542
     218       2.8590       1.0244
     219       2.8140       1.1801
     220       1.9640       0.7311
     221       1.3850       0.4269
     222       1.5874       0.4379
     223       0.9976       0.3945
     224       1.7991       0.6130
     225       1.7135       0.5668
     226       1.6406       0.6046
     227       2.0912       0.8161
     228       2.7561       0.9180
     229       2.8403       0.8645
     230       3.0573       0.9204
     231       3.7624       1.0793
     232       4.4270       1.1276
     233       4.8211       1.1452
     234       4.5093       1.1812
     235       4.4441       1.1403
     236       5.1217       1.3115
     237       5.0831       1.2911
     238       4.1586       1.1314
     239       4.2575       1.2485
     240       5.2955       1.3733
     241       4.8013       1.1907
     242       4.2857       1.1075
     243       5.2112       1.2724
     244       5.3926       1.3283
     245       4.8290       1.1897
     246       5.1345       1.2432
     247       5.8140       1.4204
     248       5.3980       1.3923
     249       5.2158       1.3262
     250       4.3994       1.1775
     251       3.7456       1.0385
     252       2.8652       0.8461
     253       2.1358       0.6270
     254       1.0295       0.4144
     255       1.6132       0.5437
     256       1.5553       0.5630
     257       1.2691       0.4455
     258       1.4482       0.5203
     259       1.7616       0.4508
     260       1.6569       0.4578
     261       2.0437       0.5538
     262       1.8188       0.5665
     263       1.8156       0.4339
     264       1.9367       0.4345
     265       1.9338       0.4402
     266       1.3994       0.4154
     267       1.3826       0.4728
     268       1.5019       0.5368
     269       1.2650       0.3992
     270       1.3398       0.3966
     271       2.0395       0.4926
     272       2.1874       0.5323
     273       1.8616       0.5445
     274       2.2947       0.5875
     275       2.9533       0.7031
     276       2.7360       0.6627
     277       2.4738       0.6969
     278       3.9389       1.8292
     279       3.6390       1.1644
     280       3.6044       0.8852
     281       3.7513       0.9646
     282       3.2601       0.8255
     283       3.0966       0.7726
     284       3.5272       0.9151
     285       3.4126       0.9196
     286       2.8189       0.7362
     287       2.9058       0.7501
     288       3.2654       0.9323
     289       3.0873       0.8858
     290       2.6711       0.7262
     291       2.8488       0.8237
     292       2.9908       1.0413
     293       2.7347       0.9003
     294       2.7263       0.7737
     295       2.8782       0.9102
     296       3.4868       1.1114
     297       3.3487       1.0144
     298       3.1623       0.8811
     299       4.4492       1.0253
     300       4.4204       1.1447
     301       3.8704       1.0126
     302       2.7949       0.9349
     303       1.4806       0.5051
     304       1.7073       0.4986
     305       1.6399       0.4488
     306       1.6885       0.4232
     307       1.4783       0.3647
     308       1.5065       0.4177
     309       1.7974       0.3735
     310       1.5151       0.3256
     311       1.7154       0.3776
     312       1.8058       0.5011
     313       1.3772       0.4475
     314       1.1468       0.3450
     315       1.5588       0.4974
     316       1.9795       0.6084
     317       1.5077       0.5189
     318       1.4458       0.4265
     319       1.0165       0.3476
     320       0.8819       0.4594
     321       1.1172       0.4837
     322       1.3927       0.5322
     323       1.1607       0.4445
     324       1.2747       0.4295
     325       1.3594       0.4674
     326       1.2782       0.4473
     327       1.1889       0.4369
     328       1.4368       0.4936
     329       1.7066       0.5426
     330       1.6447       0.5148
     331       1.6475       0.5529
     332       2.0028       0.6158
     333       2.2721       0.7047
     334       2.4794       0.7138
     335       2.6339       0.7424
     336       2.8513       0.7459
     337       3.1954       0.7815
     338       3.1141       0.7821
     339       3.1910       0.7561
     340       3.5621       0.8200
     341       3.7690       0.8867
     342       3.6448       0.8541
     343       3.8034       0.9012
     344       4.1033       1.0443
     345       4.3864       1.0982
     346       4.5711       1.2050
     347       5.3405       1.1740
     348       5.0084       0.9766
     349       6.6424       1.0454
     350       4.3347       0.9359
     351       5.8220       1.4358
     352       4.2571       1.1872
     353       4.4137       1.9318
     354       7.4939       2.4662
     355       8.7940       3.2657
     356      11.2954       3.8580
     357      16.8785       3.5849
     358      20.7116       3.5726
     359      22.4670       3.1827
     360      19.8279       2.8490
     361      20.2563       3.6178
     362      21.7601       4.2772
     363      21.9647       5.6414
     364      20.1601       5.7345
     365      22.4144       6.8561
     366      21.7623       7.5158
     367      21.7570       7.1538
     368      25.0581       9.2138
     369      26.9417       9.7776
     370      25.8761       9.2774
     371      28.6680      10.8880
