#Residue      AvgRMSD        Stdev
       1       0.7816       0.2962
       2       0.8209       0.2300
       3       0.8793       0.2085
       4       0.6355       0.2134
       5       0.5139       0.1964
       6       0.6235       0.2051
       7       0.6055       0.2098
       8       0.4849       0.1920
       9       0.7427       0.2213
      10       0.8069       0.2357
      11       0.5325       0.2196
      12       0.4969       0.2124
      13       0.4770       0.2062
      14       0.7500       0.3457
      15       0.7469       0.3677
      16       0.7896       0.3140
      17       0.9217       0.4075
      18       0.8722       0.3473
      19       0.8982       0.4181
      20       0.5726       0.2467
      21       0.5493       0.2334
      22       0.5654       0.2479
      23       0.5916       0.2622
      24       0.8648       0.3309
      25       0.5116       0.2215
      26       0.7097       0.2416
      27       0.6966       0.3229
      28       0.5660       0.2491
      29       0.4778       0.2022
      30       0.4504       0.1956
      31       0.4011       0.1666
      32       0.4050       0.1682
      33       0.5553       0.1836
      34       0.5895       0.1710
      35       0.4449       0.1600
      36       0.3781       0.1525
      37       0.5623       0.2086
      38       0.7573       0.2475
      39       0.7658       0.2695
      40       0.8998       0.2544
      41       1.1244       0.2945
      42       1.3290       0.3261
      43       1.2894       0.3296
      44       1.7069       0.3056
      45       1.8407       0.2684
      46       0.9429       0.2280
      47       0.6694       0.2707
      48       0.7175       0.2323
      49       0.5806       0.2411
      50       0.5616       0.2132
      51       0.4897       0.2181
      52       0.4931       0.2262
      53       0.5736       0.2415
      54       0.7025       0.2922
      55       0.7986       0.2913
      56       0.6390       0.2670
      57       0.4350       0.1876
      58       0.4520       0.1754
      59       0.4478       0.1747
      60       0.4320       0.1613
      61       0.5349       0.1712
      62       0.5296       0.1584
      63       0.6272       0.1947
      64       0.7003       0.1937
      65       0.7608       0.2215
      66       0.6005       0.1721
      67       0.5013       0.1714
      68       0.6415       0.2155
      69       0.5349       0.2128
      70       0.5024       0.2115
      71       0.5562       0.2128
      72       0.6544       0.2929
      73       0.6510       0.3180
      74       0.7482       0.3198
      75       0.8997       0.3328
      76       0.6764       0.2447
      77       0.5692       0.1998
      78       0.5894       0.1648
      79       0.5657       0.1680
      80       0.4789       0.1877
      81       0.4726       0.1846
      82       0.4957       0.1682
      83       0.4916       0.2008
      84       0.5518       0.1948
      85       0.5534       0.1818
      86       0.7365       0.2947
      87       0.5370       0.1990
      88       0.5549       0.2056
      89       0.5500       0.1980
      90       1.0048       0.3086
      91       0.5230       0.2162
      92       0.9325       0.2328
      93       1.1094       0.2221
      94       0.7126       0.2162
      95       2.0929       0.2644
      96       1.7862       0.3836
      97       0.7794       0.2186
      98       0.8284       0.1946
      99       1.1360       0.2085
     100       0.6677       0.2090
     101       0.7886       0.1964
     102       0.8414       0.1828
     103       0.7587       0.1695
     104       0.7108       0.1854
     105       0.6883       0.2127
     106       0.6953       0.2161
     107       0.8170       0.2213
     108       0.6165       0.1676
     109       0.5726       0.1675
     110       0.5864       0.1918
     111       0.6658       0.1996
     112       0.4851       0.1793
     113       0.4445       0.1814
     114       0.6367       0.2285
     115       0.5467       0.2279
     116       0.7645       0.2758
     117       1.2313       0.5113
     118       0.7779       0.2627
     119       0.6296       0.2397
     120       0.5048       0.1992
     121       0.5577       0.1822
     122       0.5086       0.1998
     123       0.5557       0.2006
     124       0.6037       0.1927
     125       0.6780       0.2519
     126       0.9556       0.3407
     127       1.0452       0.3295
     128       1.0201       0.3232
     129       0.6890       0.2543
     130       0.6493       0.2514
     131       0.5937       0.2400
     132       0.9456       0.3773
     133       0.7491       0.2902
     134       0.5577       0.2132
     135       0.5847       0.2305
     136       0.7537       0.2433
     137       0.6761       0.2487
     138       0.5903       0.2346
     139       0.8191       0.2933
     140       0.6118       0.2621
     141       0.5268       0.2277
     142       0.4929       0.2136
     143       0.5495       0.2345
     144       0.5031       0.2335
     145       0.4506       0.1937
     146       0.4712       0.2046
     147       0.6393       0.2624
     148       0.7437       0.2698
     149       0.6828       0.2362
     150       0.5842       0.2588
     151       1.1597       0.3785
     152       1.2953       0.3821
     153       0.9392       0.3515
     154       0.9949       0.4107
     155       0.6289       0.3171
     156       0.7058       0.3528
     157       0.8270       0.3146
     158       0.7219       0.2618
     159       0.6274       0.2071
     160       0.5709       0.1951
     161       0.6176       0.1981
     162       0.5965       0.2050
     163       0.6219       0.2070
     164       0.5129       0.1945
     165       0.4002       0.1721
     166       0.4330       0.1839
     167       0.4593       0.1972
     168       0.5365       0.2373
     169       0.5767       0.2144
     170       0.5084       0.2099
     171       0.4432       0.1711
     172       0.4838       0.1903
     173       0.6262       0.2127
     174       0.4236       0.2059
     175       0.5045       0.2021
     176       0.6167       0.2060
     177       0.7147       0.2160
     178       2.1031       0.2358
     179       2.5062       0.2091
     180       2.2900       0.2409
     181       1.3377       0.2840
     182       1.0378       0.2527
     183       1.1564       0.2262
     184       0.6694       0.2533
     185       0.9218       0.5131
     186       1.3819       0.2712
     187       1.8752       0.9943
     188       0.6722       0.2571
     189       0.5179       0.2016
     190       0.5443       0.1986
     191       0.5473       0.1994
     192       0.4714       0.1960
     193       0.5499       0.2216
     194       0.5711       0.2099
     195       0.5180       0.2115
     196       0.4360       0.2131
     197       0.4330       0.2058
     198       0.4305       0.1764
     199       0.4896       0.1723
     200       0.5479       0.1945
     201       0.4226       0.1692
     202       0.6163       0.2132
     203       0.5900       0.1857
     204       0.6327       0.1944
     205       0.7772       0.2396
     206       0.9122       0.3253
     207       1.0939       0.2566
     208       0.8369       0.3058
     209       0.8699       0.2575
     210       0.8683       0.2682
     211       0.9905       0.3000
     212       0.9979       0.2961
     213       0.9641       0.3391
     214       0.7479       0.3292
     215       0.9510       0.4386
     216       0.8912       0.3781
     217       0.8228       0.3016
     218       0.8020       0.2862
     219       0.8007       0.3513
     220       0.5893       0.2401
     221       0.6422       0.2541
     222       0.7548       0.3298
     223       0.7552       0.3706
     224       0.6757       0.3046
     225       0.7069       0.3161
     226       0.7545       0.3736
     227       0.8697       0.3723
     228       0.8709       0.3413
     229       0.8129       0.3760
     230       0.8278       0.4684
     231       0.6605       0.3997
     232       0.8286       0.4628
     233       0.8396       0.4717
     234       0.8154       0.3371
     235       0.8169       0.3820
     236       1.0096       0.4050
     237       0.8160       0.3918
     238       0.7266       0.3258
     239       0.7318       0.3019
     240       0.7734       0.3059
     241       0.6069       0.2354
     242       0.5297       0.2211
     243       0.5812       0.2290
     244       0.4840       0.2123
     245       0.5342       0.2706
     246       0.5532       0.2266
     247       0.6949       0.2414
     248       0.8509       0.3294
     249       0.8685       0.2968
     250       0.7168       0.2035
     251       0.8258       0.2160
     252       1.0197       0.2726
     253       0.8450       0.2280
     254       0.6868       0.2333
     255       0.4816       0.1637
     256       0.5147       0.1706
     257       0.4562       0.1683
     258       0.3521       0.1397
     259       0.3542       0.1590
     260       0.4022       0.1635
     261       0.3448       0.1461
     262       0.4800       0.2129
     263       0.5992       0.2344
     264       0.7192       0.2217
     265       0.6382       0.2259
     266       0.6432       0.2478
     267       0.6228       0.3055
     268       0.7418       0.2634
     269       1.0721       0.4006
     270       0.9418       0.3197
     271       0.8454       0.2873
     272       1.1435       0.2914
     273       0.5829       0.2293
     274       0.4994       0.2415
     275       0.5511       0.2837
     276       0.5467       0.2263
     277       0.4420       0.1864
     278       0.5888       0.2731
     279       0.7571       0.3245
     280       0.6981       0.2659
     281       0.7582       0.2633
     282       0.6423       0.2551
     283       0.6581       0.2728
     284       0.7180       0.3042
     285       0.6806       0.3145
     286       1.2671       0.3980
     287       2.1810       0.5840
     288       1.4237       0.4081
     289       0.9837       0.2535
     290       0.8384       0.2467
     291       0.8637       0.4157
     292       1.3680       0.5127
     293       2.1644       0.4316
     294       1.5842       0.5282
     295       0.5952       0.2450
     296       0.6232       0.2607
     297       0.5147       0.2393
     298       0.7168       0.2439
     299       0.7912       0.2192
     300       0.6495       0.2551
     301       0.7405       0.2997
     302       1.1778       0.4691
     303       1.2429       0.5931
     304       0.8462       0.3801
     305       0.8088       0.3464
     306       0.6394       0.2620
     307       0.7846       0.3357
     308       0.5996       0.2378
     309       0.5101       0.2188
     310       0.4789       0.1928
     311       0.4380       0.1759
     312       0.4245       0.1632
     313       0.4513       0.1685
     314       0.3833       0.1569
     315       0.3770       0.1623
     316       0.3424       0.1429
     317       0.4303       0.1625
     318       0.5501       0.1972
     319       0.5055       0.1916
     320       0.4996       0.1779
     321       0.4240       0.1753
     322       0.3930       0.1711
     323       0.4417       0.1788
     324       0.3676       0.1639
     325       0.5394       0.2167
     326       0.6603       0.2328
     327       0.6017       0.2302
     328       0.5486       0.2381
     329       0.4351       0.1883
     330       0.4004       0.1663
     331       0.4619       0.1911
     332       0.4357       0.1852
     333       0.5212       0.2118
     334       0.4879       0.2007
     335       0.4003       0.1702
     336       0.5776       0.2091
     337       0.6195       0.2090
     338       0.5715       0.1997
     339       0.3637       0.1640
     340       0.4209       0.1874
     341       0.6336       0.2344
     342       0.6169       0.2228
     343       0.6355       0.2259
     344       0.8686       0.2470
     345       0.6083       0.1881
     346       0.4336       0.1768
     347       0.6405       0.2264
     348       0.4892       0.1971
     349       0.4594       0.1923
     350       0.5049       0.1889
     351       0.4932       0.1848
     352       0.5015       0.1719
     353       0.4892       0.1855
     354       0.4379       0.1767
     355       0.4455       0.1698
     356       0.4586       0.1815
     357       0.5267       0.2089
     358       0.6390       0.2383
     359       0.6974       0.2507
     360       0.6293       0.2605
     361       0.7303       0.3223
     362       0.7886       0.3196
     363       0.7854       0.3247
     364       1.3337       0.6200
     365       1.2307       0.5356
     366       1.5974       0.7699
     367       1.4721       0.7012
     368       0.9542       0.4480
     369       1.1242       0.6186
     370       1.0958       0.4705
     371       0.9099       0.4341
     372       0.8916       0.3808
     373       0.9125       0.3586
     374       0.8400       0.2516
     375       0.8041       0.2534
     376       0.6119       0.2154
     377       0.5532       0.2118
     378       0.5389       0.2178
     379       0.4734       0.2061
     380       0.4999       0.2145
     381       0.6329       0.2547
     382       0.6996       0.2635
     383       0.6531       0.2559
     384       0.6935       0.2663
     385       0.6097       0.2168
     386       0.6066       0.2232
     387       0.6420       0.2621
     388       0.6526       0.2338
     389       0.5314       0.1921
     390       0.4535       0.2022
     391       0.5570       0.2346
     392       0.6310       0.2170
     393       0.6982       0.2651
     394       0.8721       0.3883
     395       0.9526       0.3430
     396       0.7861       0.2708
     397       0.4830       0.2047
     398       0.5951       0.2314
     399       0.5708       0.2082
     400       0.4381       0.1656
     401       0.3344       0.1434
     402       0.3974       0.1599
     403       0.4024       0.1553
     404       0.3976       0.1616
     405       0.4031       0.1731
     406       0.4582       0.1956
     407       0.5492       0.2021
     408       0.6048       0.2294
     409       0.5880       0.2748
     410       0.6109       0.2521
     411       0.6473       0.2974
     412       0.8141       0.2754
     413       0.6150       0.2665
     414       0.6436       0.2898
     415       0.4886       0.2260
     416       0.3462       0.1493
     417       0.5089       0.1933
     418       0.3684       0.1482
     419       0.5781       0.2112
     420       0.8680       0.2134
     421       0.6028       0.1897
     422       0.3633       0.1528
     423       0.3572       0.1494
     424       0.5238       0.2228
     425       0.8095       0.1844
     426       0.4782       0.1744
     427       0.3649       0.1496
     428       0.4207       0.1789
     429       0.7201       0.3050
     430       0.4778       0.2048
     431       0.5552       0.2078
     432       0.8225       0.2346
     433       1.2024       0.2096
     434       0.7228       0.1916
     435       0.3830       0.1530
     436       0.6030       0.2177
     437       0.7012       0.1739
     438       0.7813       0.1794
     439       0.6033       0.1572
     440       0.4527       0.1770
     441       0.6437       0.1758
     442       0.5856       0.1769
     443       0.3856       0.1582
     444       0.7297       0.2350
     445       0.9882       0.3474
     446       1.7100       0.3146
     447       1.9438       0.2730
     448       0.8584       0.2383
     449       0.3730       0.1506
     450       0.7903       0.2135
     451       1.5016       0.2123
     452       0.7232       0.1796
     453       0.5107       0.1746
     454       0.4632       0.1971
     455       0.4956       0.2201
     456       0.4903       0.1888
     457       0.5438       0.1908
     458       0.4870       0.2020
     459       0.4882       0.2206
     460       0.5306       0.2296
     461       0.5587       0.2507
     462       1.0072       0.3365
     463       0.6836       0.2819
     464       0.6021       0.2542
     465       0.5309       0.2401
     466       0.6844       0.1995
     467       0.6056       0.2018
     468       0.6358       0.2159
     469       0.6334       0.2261
     470       1.0333       0.2529
     471       1.1292       0.3080
     472       0.7532       0.2523
     473       0.7925       0.2360
     474       0.6322       0.2247
     475       0.5723       0.1901
     476       0.6140       0.1915
     477       0.6055       0.1812
     478       0.5738       0.1655
     479       0.5205       0.1977
     480       0.8619       0.2423
     481       1.1906       0.2074
     482       0.6579       0.1728
     483       0.6648       0.1809
     484       0.8332       0.2100
     485       0.8932       0.1999
     486       0.3867       0.1436
     487       0.3635       0.1458
     488       0.3652       0.1572
     489       0.3335       0.1363
     490       0.3460       0.1542
     491       0.3490       0.1519
     492       0.4762       0.2170
     493       0.8697       0.2408
     494       1.0573       0.3010
     495       0.7809       0.2660
     496       0.8652       0.2809
     497       0.9100       0.3319
     498       0.6406       0.3077
     499       0.7339       0.2879
     500       0.9748       0.3733
     501       0.7338       0.3350
     502       0.8743       0.3785
     503       0.9647       0.4047
     504       0.7127       0.2802
     505       0.6556       0.2564
     506       0.7386       0.3577
     507       0.6095       0.2344
     508       0.5999       0.2579
     509       0.5934       0.2628
     510       0.4329       0.1808
     511       0.5368       0.2141
     512       0.6078       0.2427
     513       0.5825       0.2113
     514       0.6060       0.2330
     515       0.6888       0.2986
     516       0.5445       0.2291
     517       0.7299       0.3026
     518       0.6386       0.2642
     519       0.7798       0.2640
     520       0.7486       0.2558
     521       0.9220       0.3094
     522       0.8278       0.2814
     523       0.5185       0.1866
     524       0.6581       0.1973
     525       0.4619       0.1864
     526       0.4230       0.1662
     527       0.4348       0.1736
     528       0.4716       0.1586
     529       0.4401       0.1473
     530       0.4197       0.1593
     531       0.5143       0.1471
     532       0.4468       0.1501
     533       0.4788       0.1690
     534       0.4681       0.1637
     535       0.4060       0.1555
     536       0.5719       0.1789
     537       0.6424       0.2034
     538       0.5017       0.1804
     539       0.5188       0.1963
     540       0.6366       0.2511
     541       0.6452       0.2449
     542       0.7672       0.3715
     543       0.5497       0.2170
     544       0.5142       0.2428
     545       0.6910       0.3644
     546       1.1047       0.4855
     547       0.9179       0.3970
     548       0.4324       0.1924
     549       0.5043       0.1843
     550       0.6462       0.2443
     551       0.5457       0.2300
     552       0.4759       0.2049
     553       0.6531       0.2537
     554       0.6252       0.2471
     555       0.3978       0.1625
     556       0.4785       0.2116
     557       0.6608       0.2828
     558       0.6482       0.2670
     559       0.6377       0.2569
     560       0.5360       0.2154
     561       1.0931       0.4501
     562       1.4193       0.5629
     563       1.8288       0.6096
     564       1.8462       0.6118
     565       0.9632       0.3023
     566       0.8751       0.3136
     567       0.6304       0.2618
     568       0.6286       0.2484
     569       0.5847       0.2141
     570       0.5836       0.1929
     571       0.8726       0.2727
     572       0.6606       0.1925
     573       0.8590       0.2996
     574       0.8036       0.3298
     575       0.7022       0.2132
     576       0.6556       0.2162
     577       0.7528       0.2611
     578       0.6918       0.2296
     579       0.4853       0.1802
     580       0.5706       0.2009
     581       0.6620       0.2374
     582       0.5537       0.2030
     583       0.4025       0.1702
     584       0.5070       0.2045
     585       0.6049       0.2164
     586       0.6314       0.2516
     587       0.7663       0.3420
     588       0.7578       0.3327
     589       0.5788       0.2280
     590       0.5146       0.2060
     591       0.4948       0.1913
     592       0.6883       0.2478
     593       0.8823       0.3565
     594       0.8493       0.4132
     595       0.6132       0.2404
     596       0.7035       0.2495
     597       0.6099       0.2462
     598       0.6066       0.2380
     599       0.6495       0.2411
     600       0.8433       0.3178
     601       0.8769       0.3355
     602       1.2938       0.3911
     603       1.2106       0.4476
     604       1.1503       0.3624
     605       2.8723       0.7031
