#Residue      AvgRMSD        Stdev
       1       1.0990       0.3853
       2       1.1922       0.3444
       3       1.1960       0.3240
       4       0.7665       0.2378
       5       0.6721       0.2456
       6       0.9098       0.2501
       7       0.9172       0.2660
       8       0.7893       0.2555
       9       0.8520       0.2918
      10       0.6653       0.2574
      11       0.6182       0.2362
      12       0.5640       0.2448
      13       0.6505       0.2621
      14       0.8951       0.3621
      15       1.0086       0.5202
      16       0.9451       0.4587
      17       0.8775       0.4101
      18       0.7764       0.3215
      19       0.9374       0.3056
      20       1.1367       0.3289
      21       0.9135       0.3228
      22       0.8422       0.3117
      23       0.7251       0.2863
      24       1.1344       0.4089
      25       0.9303       0.3695
      26       0.9608       0.3099
      27       0.7539       0.3401
      28       0.7305       0.2598
      29       0.6854       0.2755
      30       0.5435       0.2261
      31       0.4696       0.1965
      32       0.4921       0.1978
      33       0.5900       0.2083
      34       0.6502       0.2066
      35       0.5031       0.1734
      36       0.4401       0.1773
      37       0.5447       0.2073
      38       0.7744       0.2543
      39       0.8002       0.2667
      40       0.8471       0.2708
      41       0.9870       0.2986
      42       1.2752       0.2876
      43       1.2179       0.2987
      44       1.5101       0.3487
      45       1.6829       0.3593
      46       1.0712       0.2909
      47       0.6987       0.2984
      48       0.6447       0.2555
      49       0.6797       0.2971
      50       0.6886       0.2617
      51       0.5525       0.2393
      52       0.5876       0.2505
      53       0.7326       0.2956
      54       0.8195       0.3337
      55       0.8686       0.3203
      56       0.7844       0.3224
      57       0.4842       0.2014
      58       0.5209       0.2010
      59       0.5575       0.1986
      60       0.6211       0.1962
      61       0.7448       0.2142
      62       0.7202       0.2002
      63       0.8433       0.2300
      64       0.8288       0.2408
      65       0.8881       0.2861
      66       0.7589       0.2153
      67       0.7187       0.2383
      68       0.9299       0.2970
      69       0.7137       0.2683
      70       0.7550       0.3301
      71       1.3625       0.4276
      72       1.8598       0.4603
      73       1.8555       0.3720
      74       1.3790       0.3094
      75       1.6018       0.2580
      76       1.3267       0.2487
      77       0.7295       0.1990
      78       0.7540       0.1827
      79       0.7445       0.2228
      80       0.5430       0.1933
      81       0.6324       0.2091
      82       0.6154       0.2013
      83       0.5944       0.3048
      84       0.6544       0.2325
      85       0.6756       0.2357
      86       0.8368       0.2857
      87       0.6248       0.2421
      88       0.6322       0.2329
      89       0.6240       0.2397
      90       1.2998       0.3194
      91       0.5544       0.2126
      92       0.9462       0.2959
      93       0.7234       0.2380
      94       0.9420       0.2548
      95       2.6203       0.3023
      96       1.4509       0.4106
      97       1.0104       0.2783
      98       0.8696       0.2287
      99       0.8827       0.2724
     100       0.8023       0.2384
     101       0.6578       0.2308
     102       0.5689       0.2351
     103       0.5778       0.2381
     104       0.6418       0.2505
     105       0.6548       0.2797
     106       0.7998       0.2619
     107       0.8295       0.2706
     108       0.8278       0.2233
     109       0.7359       0.2123
     110       0.7556       0.2263
     111       0.6606       0.2342
     112       0.5612       0.2166
     113       0.5555       0.2600
     114       0.7261       0.2728
     115       0.6840       0.2551
     116       0.7818       0.3113
     117       1.0024       0.4443
     118       0.8787       0.3151
     119       0.7440       0.2599
     120       0.5236       0.2317
     121       0.5110       0.2185
     122       0.5084       0.2211
     123       0.6120       0.2458
     124       0.6250       0.2464
     125       0.6074       0.2914
     126       1.5336       0.3992
     127       1.6821       0.3959
     128       1.8314       0.6110
     129       0.7354       0.2922
     130       0.7865       0.3358
     131       0.5985       0.2720
     132       0.6042       0.2690
     133       0.6534       0.2757
     134       0.5582       0.2428
     135       0.7865       0.3274
     136       0.9488       0.3224
     137       0.8175       0.3070
     138       0.7808       0.2965
     139       1.2009       0.3590
     140       1.0270       0.3299
     141       0.9616       0.3216
     142       0.8819       0.3036
     143       0.7888       0.3499
     144       0.7431       0.3348
     145       0.5815       0.2481
     146       0.6049       0.2506
     147       0.7201       0.3371
     148       0.7127       0.3219
     149       0.6197       0.2641
     150       0.6621       0.2996
     151       0.9524       0.4575
     152       0.9883       0.4494
     153       0.8321       0.3963
     154       0.9406       0.4670
     155       0.8405       0.4022
     156       0.9005       0.4500
     157       0.8389       0.3342
     158       0.6668       0.2556
     159       0.5101       0.2303
     160       0.4696       0.2011
     161       0.5515       0.2341
     162       0.5908       0.2343
     163       0.7815       0.2619
     164       0.7392       0.2866
     165       0.6298       0.2372
     166       0.7270       0.2700
     167       0.7607       0.2642
     168       0.8391       0.3077
     169       0.9108       0.2673
     170       0.8356       0.2733
     171       0.7082       0.2320
     172       0.6550       0.2442
     173       0.6740       0.2283
     174       0.4796       0.2059
     175       0.6420       0.2454
     176       0.5954       0.2458
     177       0.7903       0.2442
     178       0.7062       0.2504
     179       1.7754       0.3202
     180       2.7608       0.6245
     181       1.5344       0.5288
     182       1.1475       0.3444
     183       0.9630       0.2523
     184       0.6479       0.2836
     185       3.0610       0.4185
     186       1.6511       0.3010
     187       3.9150       0.2778
     188       0.6227       0.2947
     189       0.7456       0.2650
     190       0.8422       0.2905
     191       0.7581       0.2639
     192       0.7065       0.2380
     193       0.9913       0.3255
     194       0.9795       0.3250
     195       0.7869       0.2804
     196       0.5233       0.2309
     197       0.5379       0.2129
     198       0.4949       0.2042
     199       0.4757       0.1825
     200       0.4590       0.1814
     201       0.5584       0.2234
     202       0.6621       0.2839
     203       0.4643       0.1854
     204       0.5057       0.2184
     205       0.6232       0.2688
     206       0.8664       0.3178
     207       0.9518       0.3261
     208       0.9744       0.4372
     209       1.2409       0.4095
     210       1.2008       0.3587
     211       1.1899       0.3741
     212       1.1495       0.3742
     213       1.1747       0.4654
     214       1.0520       0.6015
     215       1.1984       0.5246
     216       1.0654       0.4642
     217       0.8955       0.3581
     218       0.9753       0.3751
     219       1.0088       0.4709
     220       0.7508       0.3574
     221       0.8737       0.3496
     222       0.9430       0.3799
     223       0.8933       0.4182
     224       0.8699       0.4163
     225       0.9026       0.3905
     226       0.9221       0.4228
     227       1.0552       0.4427
     228       1.1194       0.4706
     229       1.0459       0.4422
     230       1.0674       0.5176
     231       1.0848       0.5883
     232       1.6414       0.7882
     233       1.7607       1.1570
     234       1.9266       1.3693
     235       2.0491       1.4132
     236       2.3459       1.3656
     237       1.8794       1.1808
     238       1.4079       0.7303
     239       1.4515       0.7450
     240       1.7379       0.6450
     241       1.4605       0.5036
     242       1.1635       0.5226
     243       1.1660       0.5417
     244       0.9289       0.4518
     245       1.0299       0.4239
     246       1.0443       0.7399
     247       0.9857       0.5309
     248       1.1078       0.5520
     249       1.1147       0.5450
     250       0.7914       0.3236
     251       0.9400       0.3644
     252       1.1491       0.4094
     253       0.9309       0.3560
     254       0.7141       0.2907
     255       0.5147       0.2177
     256       0.5223       0.2082
     257       0.5152       0.2034
     258       0.4218       0.1759
     259       0.4971       0.2146
     260       0.5039       0.2020
     261       0.3968       0.1761
     262       0.5383       0.2431
     263       0.5972       0.2589
     264       0.6737       0.2558
     265       0.6539       0.2660
     266       0.7948       0.3477
     267       1.1052       0.5210
     268       1.2879       0.5525
     269       1.7047       0.5988
     270       1.8253       0.5630
     271       1.6971       0.6759
     272       1.5411       0.5249
     273       1.4527       0.5821
     274       1.1964       0.5502
     275       1.5172       0.6171
     276       1.4783       0.6054
     277       1.2437       0.5515
     278       1.1974       0.5554
     279       1.3596       0.6961
     280       1.2634       0.6609
     281       0.9231       0.4433
     282       1.2336       0.5181
     283       1.6454       0.4255
     284       2.3476       0.5894
     285       2.9346       0.6639
     286       3.1927       0.9014
     287       3.9712       0.8123
     288       3.6562       0.5799
     289       2.6088       0.6277
     290       3.1915       1.1534
     291       3.4525       0.5814
     292       3.2807       0.7154
     293       2.1613       0.6572
     294       3.7913       1.0125
     295       2.7145       0.5920
     296       2.8310       0.8481
     297       2.5435       0.8285
     298       1.2413       0.3848
     299       1.0367       0.3959
     300       0.8800       0.3955
     301       0.8832       0.4911
     302       1.5783       0.6572
     303       1.4066       0.6332
     304       1.2050       0.6051
     305       1.0208       0.4649
     306       0.8457       0.3907
     307       1.0644       0.4055
     308       1.2367       0.4538
     309       1.5935       0.7409
     310       1.1689       0.6146
     311       0.7301       0.3447
     312       0.5486       0.2658
     313       0.5902       0.2442
     314       0.5977       0.2601
     315       0.6348       0.2754
     316       0.4969       0.2043
     317       0.5589       0.2092
     318       0.6637       0.2489
     319       0.6195       0.2706
     320       0.5476       0.2415
     321       0.5917       0.2335
     322       0.5697       0.2313
     323       0.5691       0.2497
     324       0.7463       0.3244
     325       1.0724       0.4989
     326       1.0244       0.4349
     327       1.0145       0.4312
     328       0.9895       0.4311
     329       0.7688       0.3421
     330       0.6828       0.3210
     331       0.7979       0.3493
     332       0.7324       0.3349
     333       0.8207       0.3505
     334       0.7557       0.3576
     335       0.6531       0.3251
     336       0.7953       0.3294
     337       0.8038       0.3511
     338       0.8713       0.3057
     339       0.8010       0.3091
     340       0.7584       0.2719
     341       0.8467       0.2827
     342       0.6543       0.2537
     343       0.6597       0.2183
     344       0.9399       0.2859
     345       0.7197       0.2291
     346       0.5418       0.2156
     347       0.7481       0.2198
     348       0.6279       0.2400
     349       0.5107       0.2100
     350       0.5455       0.1994
     351       0.6182       0.2102
     352       0.5687       0.2044
     353       0.5292       0.2114
     354       0.5644       0.2151
     355       0.5941       0.2186
     356       0.5815       0.2366
     357       0.6017       0.2326
     358       0.8026       0.2816
     359       0.9934       0.3565
     360       0.9596       0.3973
     361       0.9008       0.4009
     362       0.9758       0.3473
     363       0.9905       0.3992
     364       1.4781       0.6632
     365       1.6732       0.7568
     366       2.0267       0.8830
     367       1.9386       0.7936
     368       1.4829       0.6336
     369       1.6274       0.6902
     370       1.5900       0.6597
     371       1.2715       0.5595
     372       1.3241       0.4920
     373       1.1281       0.4134
     374       1.1149       0.3152
     375       0.9899       0.3389
     376       0.7239       0.2999
     377       0.6360       0.2765
     378       0.7905       0.3321
     379       0.8967       0.3728
     380       1.0048       0.4231
     381       1.3681       0.6024
     382       1.5325       0.6134
     383       1.2438       0.4231
     384       1.0826       0.4861
     385       0.8656       0.3584
     386       0.9139       0.3303
     387       1.0607       0.3766
     388       1.0039       0.3191
     389       0.8133       0.2678
     390       0.8094       0.2980
     391       0.9515       0.3577
     392       1.0037       0.3106
     393       1.0844       0.3612
     394       1.2483       0.4705
     395       1.2910       0.4468
     396       1.0421       0.3401
     397       0.6887       0.2952
     398       0.7880       0.2898
     399       0.7067       0.2471
     400       0.5710       0.2088
     401       0.4190       0.1818
     402       0.4456       0.1937
     403       0.4097       0.1745
     404       0.4761       0.2078
     405       0.4559       0.1998
     406       0.5047       0.2159
     407       0.6513       0.2475
     408       0.7111       0.2788
     409       0.6803       0.3135
     410       0.8172       0.3801
     411       1.1876       0.7995
     412       1.3622       0.6982
     413       0.7744       0.3661
     414       0.9364       0.4642
     415       0.6827       0.3743
     416       0.4506       0.1930
     417       0.5338       0.2198
     418       0.4768       0.1944
     419       0.6526       0.2460
     420       0.9994       0.2881
     421       0.6215       0.2167
     422       0.4570       0.1890
     423       0.4146       0.1869
     424       0.5245       0.2384
     425       0.7672       0.2602
     426       0.5188       0.2157
     427       0.4161       0.1797
     428       0.4044       0.1748
     429       0.6013       0.2726
     430       0.4740       0.2124
     431       0.5045       0.2274
     432       0.4510       0.1988
     433       0.4365       0.1843
     434       0.4296       0.1826
     435       0.4219       0.1753
     436       0.4403       0.1989
     437       0.5915       0.2113
     438       0.6534       0.2071
     439       0.5151       0.1810
     440       0.4108       0.1844
     441       0.6324       0.1995
     442       0.6094       0.2001
     443       0.4710       0.1960
     444       0.8558       0.2613
     445       1.4574       0.3981
     446       2.1341       0.3950
     447       2.2152       0.3010
     448       0.9317       0.2732
     449       0.5154       0.2183
     450       0.5734       0.2219
     451       1.4388       0.2526
     452       0.7231       0.2301
     453       0.7914       0.2631
     454       0.8253       0.2908
     455       0.6925       0.2425
     456       0.5640       0.2363
     457       0.7150       0.2558
     458       0.7676       0.2692
     459       0.8267       0.3142
     460       0.8199       0.3399
     461       0.7813       0.3841
     462       1.1813       0.4566
     463       0.7994       0.3702
     464       0.7679       0.3632
     465       0.6967       0.3197
     466       0.8090       0.3894
     467       1.1981       0.4492
     468       1.5317       0.5131
     469       1.1352       0.3661
     470       1.2943       0.3840
     471       1.2460       0.4105
     472       0.9016       0.3567
     473       1.0777       0.3308
     474       0.9852       0.3419
     475       0.6704       0.2418
     476       0.6282       0.2327
     477       0.6771       0.2302
     478       0.7598       0.2238
     479       0.6174       0.2228
     480       0.8737       0.2800
     481       1.2033       0.2266
     482       0.7237       0.2240
     483       0.7105       0.2277
     484       0.7465       0.2665
     485       0.7994       0.2654
     486       0.4465       0.1787
     487       0.4248       0.1681
     488       0.3910       0.1653
     489       0.4186       0.1717
     490       0.5032       0.2033
     491       0.4332       0.1887
     492       0.9747       0.3211
     493       1.3395       0.3166
     494       1.4036       0.3466
     495       0.8007       0.2776
     496       0.8586       0.3027
     497       1.1638       0.4272
     498       1.2532       0.5930
     499       1.1820       0.5024
     500       1.1814       0.5265
     501       0.9855       0.4219
     502       0.8588       0.3867
     503       0.8186       0.3233
     504       0.7557       0.3168
     505       0.7546       0.3261
     506       0.6840       0.2841
     507       0.6965       0.2909
     508       0.9327       0.4061
     509       0.8430       0.3890
     510       0.5787       0.2636
     511       0.7344       0.3035
     512       0.7872       0.3318
     513       0.7953       0.2894
     514       0.8439       0.3023
     515       0.9126       0.3773
     516       0.7682       0.3107
     517       0.9295       0.3992
     518       0.7440       0.3075
     519       0.8807       0.3106
     520       0.8928       0.3142
     521       0.9959       0.3127
     522       0.8957       0.3034
     523       0.6105       0.2330
     524       0.6563       0.2297
     525       0.5411       0.1980
     526       0.4810       0.1905
     527       0.5060       0.2066
     528       0.5367       0.1828
     529       0.4693       0.1751
     530       0.4478       0.1845
     531       0.5566       0.1829
     532       0.4799       0.1818
     533       0.4886       0.1938
     534       0.4815       0.1858
     535       0.4566       0.1832
     536       0.5457       0.2095
     537       0.5746       0.2158
     538       0.5278       0.2028
     539       0.5613       0.2331
     540       0.6503       0.2831
     541       0.6805       0.2779
     542       0.8401       0.4113
     543       0.7280       0.3144
     544       0.9419       0.5285
     545       1.2331       0.6893
     546       1.8060       0.9436
     547       1.5981       0.8559
     548       0.7384       0.3636
     549       0.4497       0.1947
     550       0.5498       0.2620
     551       0.4740       0.2301
     552       0.5000       0.2280
     553       0.7185       0.3089
     554       0.6715       0.2761
     555       0.4481       0.1925
     556       0.6182       0.2845
     557       0.8328       0.3654
     558       0.8081       0.3106
     559       0.8177       0.3314
     560       0.6602       0.2766
     561       1.0033       0.5225
     562       1.3006       0.7863
     563       1.8098       0.9436
     564       1.9454       0.9240
     565       1.5298       0.7636
     566       0.9481       0.4117
     567       0.7891       0.3456
     568       1.0417       0.3945
     569       0.7452       0.3301
     570       0.6990       0.2457
     571       0.7229       0.2533
     572       0.7158       0.2805
     573       1.0720       0.3604
     574       0.9544       0.3929
     575       0.7596       0.2630
     576       0.6616       0.2641
     577       0.7641       0.3185
     578       0.7189       0.2994
     579       0.5158       0.2166
     580       0.5589       0.2350
     581       0.6365       0.2744
     582       0.5719       0.2442
     583       0.4541       0.2012
     584       0.6517       0.2823
     585       0.7339       0.2916
     586       0.8794       0.3527
     587       1.1101       0.4794
     588       1.0933       0.4805
     589       0.8117       0.3674
     590       0.7205       0.3104
     591       0.6250       0.2929
     592       0.7158       0.3195
     593       0.8201       0.3736
     594       0.7875       0.3945
     595       0.6056       0.2453
     596       0.6041       0.2669
     597       0.6627       0.2940
     598       0.6967       0.3002
     599       0.6732       0.2769
     600       0.8280       0.3513
     601       0.7600       0.3526
     602       0.7809       0.3772
     603       0.8108       0.3858
     604       0.8888       0.3626
     605       1.2234       0.5684
