#Residue      AvgRMSD        Stdev
       1       1.8613       0.3999
       2       1.4776       0.3442
       3       1.2191       0.3048
       4       0.8268       0.2881
       5       0.8873       0.2967
       6       0.9515       0.2400
       7       1.6422       0.3358
       8       1.2143       0.4064
       9       1.6994       0.5968
      10       2.1211       0.2404
      11       1.5435       0.6093
      12       0.8204       0.2680
      13       1.1527       0.2608
      14       1.0161       0.3659
      15       1.4873       0.5122
      16       0.9792       0.4258
      17       1.5410       0.4865
      18       1.6771       0.6522
      19       2.5652       0.5692
      20       1.9633       0.5995
      21       1.9232       0.6429
      22       1.8473       0.7316
      23       0.7889       0.2157
      24       1.8790       0.3772
      25       1.3376       0.6010
      26       2.0773       0.3202
      27       2.3319       0.2404
      28       1.1335       0.2817
      29       1.6072       0.6176
      30       1.8814       0.7960
      31       0.6058       0.1691
      32       1.0660       0.2728
      33       0.6144       0.1871
      34       0.8487       0.1617
      35       0.5772       0.1299
      36       0.4954       0.1574
      37       1.2618       0.3102
      38       1.1712       0.2979
      39       2.0091       0.8096
      40       1.0475       0.3289
      41       1.3905       0.3132
      42       2.5068       0.3707
      43       1.8415       0.5227
      44       2.0471       0.5592
      45       2.0170       0.2720
      46       1.8131       0.3217
      47       1.2128       0.4504
      48       0.9427       0.2880
      49       1.7696       0.4549
      50       1.4306       0.3041
      51       1.0827       0.4716
      52       0.9564       0.3213
      53       1.4128       0.4243
      54       1.0632       0.3356
      55       1.2106       0.2626
      56       2.2696       0.6450
      57       1.6538       0.0930
      58       1.9391       0.2657
      59       1.3003       0.3711
      60       1.3595       0.2533
      61       1.4615       0.3843
      62       1.0562       0.2708
      63       1.2592       0.3047
      64       0.9755       0.2795
      65       0.9947       0.3000
      66       1.3616       0.4608
      67       1.1509       0.2093
      68       0.9379       0.2622
      69       1.1566       0.2432
      70       1.1822       0.4032
      71       1.5299       0.3822
      72       2.2008       0.4645
      73       2.6193       0.4000
      74       1.3994       0.2956
      75       1.7053       0.2565
      76       2.2523       0.1699
      77       0.8644       0.2395
      78       0.8580       0.2025
      79       1.8470       0.5757
      80       1.3227       0.4559
      81       1.0082       0.2146
      82       0.8145       0.1824
      83       0.8382       0.3812
      84       1.0494       0.2667
      85       1.2147       0.2567
      86       1.2228       0.2824
      87       0.8066       0.2184
      88       1.2812       0.6979
      89       1.3082       0.3129
      90       2.3006       0.3123
      91       1.6058       0.3707
      92       1.2734       0.3114
      93       0.9356       0.2193
      94       1.4383       0.2965
      95       2.7948       0.2131
      96       2.0879       0.2372
      97       1.9390       1.2612
      98       0.8522       0.1862
      99       0.9410       0.2557
     100       1.1162       0.2841
     101       0.9761       0.2371
     102       1.2039       0.3275
     103       1.5653       0.2617
     104       2.2164       0.6277
     105       1.0314       0.3169
     106       0.8345       0.2432
     107       1.3597       0.3275
     108       0.9003       0.2153
     109       1.1061       0.2620
     110       2.2889       0.6467
     111       1.2145       0.2325
     112       1.2469       0.3780
     113       1.5861       0.3276
     114       0.7560       0.2600
     115       1.6245       0.5801
     116       1.1238       0.3221
     117       2.0537       0.5596
     118       3.9286       1.0694
     119       0.9313       0.3419
     120       1.3440       0.5729
     121       0.8282       0.2425
     122       1.3493       0.4162
     123       0.9501       0.2350
     124       1.2173       0.2371
     125       1.6675       0.3915
     126       2.1356       0.3611
     127       2.3781       0.2939
     128       3.1768       1.3246
     129       2.9028       0.2028
     130       1.8955       0.5065
     131       1.5521       0.5550
     132       2.0547       0.9063
     133       1.0706       0.2728
     134       0.9799       0.2959
     135       1.5299       0.2625
     136       1.1724       0.3328
     137       1.6660       0.2412
     138       0.9595       0.3139
     139       1.2752       0.3558
     140       2.2138       0.5523
     141       2.3114       0.5185
     142       1.3346       0.2726
     143       0.9382       0.3075
     144       2.3322       0.5822
     145       1.0492       0.2268
     146       1.6528       0.5726
     147       1.0829       0.3566
     148       1.0969       0.2546
     149       1.2228       0.2949
     150       2.0875       0.8637
     151       3.2496       1.2415
     152       1.7698       0.3746
     153       1.3066       0.3198
     154       0.9942       0.4372
     155       1.0039       0.3705
     156       1.6571       0.6832
     157       1.8592       0.9281
     158       2.4974       0.1438
     159       1.2656       0.5022
     160       1.3563       0.5182
     161       0.9730       0.2980
     162       0.7972       0.2612
     163       1.1897       0.2233
     164       0.7760       0.2542
     165       0.9296       0.2761
     166       1.0963       0.3115
     167       0.7822       0.2521
     168       0.9739       0.3021
     169       1.0217       0.2686
     170       2.2761       0.2811
     171       1.1680       0.2351
     172       1.5262       0.3381
     173       0.7710       0.2095
     174       0.9857       0.2854
     175       1.0838       0.2788
     176       2.1444       0.6473
     177       2.0303       0.3222
     178       2.0480       0.3980
     179       2.0674       0.2702
     180       2.6466       0.5744
     181       3.5136       1.6989
     182       3.0205       0.3048
     183       1.5377       0.2754
     184       1.3588       0.2564
     185       3.2287       0.3713
     186       1.5848       0.1720
     187       3.8375       0.2592
     188       1.2983       0.1804
     189       2.2630       0.3505
     190       0.8449       0.2682
     191       1.1000       0.3053
     192       1.1635       0.2367
     193       1.4841       0.3834
     194       0.9833       0.3005
     195       1.1983       0.3280
     196       1.0297       0.3512
     197       0.8754       0.2682
     198       1.1370       0.4019
     199       0.8666       0.1964
     200       0.9584       0.2827
     201       1.4395       0.4535
     202       1.0907       0.2938
     203       1.6909       0.6546
     204       1.4385       0.3745
     205       0.7640       0.2334
     206       1.0955       0.3412
     207       1.9829       0.6326
     208       1.8211       0.4725
     209       2.0200       0.6676
     210       1.3744       0.4493
     211       1.7817       0.4583
     212       1.4640       0.3560
     213       1.6420       0.5287
     214       3.9801       0.9739
     215       2.6254       0.6588
     216       2.5660       0.8204
     217       1.1425       0.3044
     218       2.6235       0.7031
     219       2.3758       0.8078
     220       1.5042       0.4335
     221       1.7625       0.4355
     222       3.8207       1.1692
     223       2.6018       0.7850
     224       1.5019       0.4523
     225       1.7021       0.4333
     226       1.9383       0.5031
     227       2.0532       0.5061
     228       2.4516       0.3913
     229       3.5874       0.9654
     230       1.9542       0.7407
     231       1.2722       0.6502
     232       2.1633       0.8760
     233       2.6721       1.4082
     234       2.4194       1.5138
     235       2.1141       1.4077
     236       2.3526       1.3111
     237       1.8976       1.1311
     238       2.4071       0.7796
     239       1.9123       0.6973
     240       2.6716       0.8642
     241       2.9400       0.6136
     242       1.1838       0.4858
     243       1.7557       0.7962
     244       1.2871       0.4000
     245       2.7887       0.2394
     246       1.8192       0.8736
     247       1.8634       0.6614
     248       2.3236       0.6929
     249       2.0095       0.7752
     250       1.1891       0.2635
     251       1.8901       0.2402
     252       2.2868       0.3853
     253       1.1442       0.4364
     254       0.7700       0.2601
     255       2.2898       0.0962
     256       0.7401       0.1971
     257       0.6552       0.2164
     258       1.3544       0.4991
     259       1.8898       0.6773
     260       0.5929       0.1829
     261       0.5543       0.1495
     262       2.6353       0.7678
     263       1.0817       0.3323
     264       0.7209       0.2372
     265       1.8465       0.5523
     266       1.4460       0.4425
     267       1.5152       0.5646
     268       2.9055       0.5686
     269       1.9419       0.5532
     270       5.1477       0.7279
     271       2.7733       0.6793
     272       2.0862       0.5441
     273       1.8915       0.5105
     274       1.2319       0.5280
     275       2.4591       0.6423
     276       1.8130       0.5886
     277       2.0733       0.6170
     278       1.5380       0.5318
     279       1.6893       0.6861
     280       3.0660       1.0393
     281       1.3465       0.4095
     282       2.2121       0.6242
     283       2.7889       0.3391
     284       2.8124       0.5269
     285       3.2559       0.5343
     286       3.5380       1.4504
     287       4.0256       0.8132
     288       4.3207       0.6856
     289       2.6780       0.5488
     290       3.5953       1.3134
     291       4.3506       0.6317
     292       5.0037       0.6582
     293       3.5059       0.6751
     294       3.8933       0.8205
     295       3.7940       0.6552
     296       2.9305       0.7256
     297       3.4560       0.7210
     298       1.7352       0.3338
     299       1.1938       0.4066
     300       3.1803       0.7758
     301       2.5726       0.6312
     302       1.9077       0.7016
     303       1.7260       0.6930
     304       1.7531       0.7019
     305       1.0898       0.4333
     306       1.6672       0.3340
     307       1.3968       0.4314
     308       1.8751       0.5165
     309       1.7383       0.6706
     310       1.4818       0.6800
     311       1.3414       0.3523
     312       0.8227       0.2281
     313       1.6742       0.1632
     314       1.0090       0.3803
     315       1.4653       0.5014
     316       0.5502       0.1473
     317       0.9867       0.2922
     318       1.2934       0.3275
     319       0.6710       0.2421
     320       0.9921       0.2986
     321       1.5305       0.1266
     322       1.2131       0.4595
     323       0.6359       0.2221
     324       1.2653       0.3318
     325       2.3892       0.6367
     326       1.2374       0.3689
     327       1.9129       0.8118
     328       1.3209       0.3875
     329       0.9003       0.2923
     330       1.1850       0.2971
     331       1.3879       0.3999
     332       2.0332       0.2859
     333       1.2526       0.3349
     334       1.3396       0.9007
     335       1.0598       0.4237
     336       2.2365       0.7259
     337       1.2243       0.3083
     338       1.2103       0.2666
     339       1.2382       0.4123
     340       1.2704       0.3406
     341       0.8322       0.2496
     342       1.3495       0.5028
     343       0.6994       0.1734
     344       1.5406       0.4947
     345       1.5419       0.4235
     346       0.8338       0.2778
     347       1.2007       0.2516
     348       0.6693       0.2121
     349       0.5584       0.1866
     350       0.9945       0.2098
     351       1.1867       0.3988
     352       0.9801       0.2839
     353       1.0814       0.2259
     354       0.9990       0.2899
     355       0.9204       0.2345
     356       1.0873       0.2866
     357       1.0979       0.2925
     358       1.1785       0.3637
     359       1.6159       0.4185
     360       1.9348       0.5741
     361       0.9813       0.3648
     362       1.7499       0.4965
     363       1.5356       0.4103
     364       3.1546       1.0484
     365       2.5503       0.7878
     366       2.9335       0.9548
     367       2.9845       1.1744
     368       2.0425       0.7287
     369       1.6527       0.6465
     370       2.4074       0.7199
     371       1.5801       0.4952
     372       1.4939       0.4700
     373       1.4747       0.3661
     374       2.4099       0.1498
     375       2.9857       0.9985
     376       0.8882       0.2682
     377       0.7079       0.2573
     378       1.8584       0.2966
     379       1.4532       0.3989
     380       2.0910       0.5546
     381       2.1750       0.6864
     382       2.3479       0.6810
     383       2.1160       0.3974
     384       1.3231       0.4793
     385       1.1476       0.3631
     386       1.8438       0.5210
     387       1.8685       0.6487
     388       1.9124       0.4551
     389       1.2884       0.2532
     390       1.1560       0.3099
     391       2.5973       0.7937
     392       0.9691       0.2674
     393       2.2379       0.6223
     394       1.2526       0.4322
     395       2.4311       0.4042
     396       1.0591       0.3240
     397       0.8921       0.3699
     398       2.7728       0.5954
     399       1.3879       0.4345
     400       0.9982       0.2883
     401       0.8331       0.2295
     402       0.5122       0.1707
     403       0.6549       0.1495
     404       1.5396       0.4768
     405       3.2757       1.9667
     406       1.1056       0.2492
     407       1.0225       0.2957
     408       1.5412       0.3160
     409       1.4285       0.2980
     410       1.1198       0.4857
     411       1.3649       0.7519
     412       2.8769       1.7232
     413       1.2821       0.4525
     414       2.7408       1.0405
     415       1.5588       0.5567
     416       0.8023       0.2296
     417       0.9452       0.2431
     418       0.9216       0.2196
     419       1.7608       0.6021
     420       1.1930       0.2706
     421       1.8583       0.5526
     422       1.3369       0.4432
     423       0.5635       0.1852
     424       1.7779       0.7010
     425       1.6023       0.2879
     426       1.3292       0.2205
     427       0.7689       0.1844
     428       0.6050       0.1567
     429       0.9384       0.3456
     430       0.5647       0.1515
     431       0.5933       0.2190
     432       0.8855       0.3156
     433       1.2630       0.4756
     434       0.4738       0.1571
     435       1.6974       0.0511
     436       0.5012       0.1793
     437       2.3803       0.0867
     438       0.6760       0.1922
     439       1.0215       0.1738
     440       0.9170       0.2965
     441       1.0342       0.2171
     442       0.7220       0.1826
     443       0.5660       0.1769
     444       2.7367       0.5055
     445       1.4614       0.3523
     446       2.1312       0.3784
     447       2.4242       0.3026
     448       1.0884       0.3228
     449       2.4716       0.9418
     450       1.6624       0.3864
     451       2.6838       0.1917
     452       1.4607       0.5086
     453       1.8281       0.3364
     454       1.8141       0.5603
     455       1.3359       0.2121
     456       0.8701       0.2854
     457       1.5710       0.2090
     458       1.7198       0.1977
     459       1.4031       0.4561
     460       0.8573       0.3234
     461       2.0586       0.8853
     462       1.6624       0.4067
     463       1.7303       0.7467
     464       1.7678       0.8862
     465       1.3571       0.3957
     466       1.9977       0.3621
     467       1.3651       0.4841
     468       4.9146       0.7110
     469       1.4870       0.3839
     470       2.0522       0.4651
     471       1.3713       0.3743
     472       1.1628       0.4426
     473       1.5741       0.3888
     474       1.9777       0.2105
     475       1.3665       0.3912
     476       2.9155       1.2132
     477       1.4598       0.1923
     478       1.4572       0.5027
     479       1.1183       0.2681
     480       1.4655       0.4547
     481       1.2776       0.1709
     482       0.7339       0.1766
     483       0.7600       0.2155
     484       1.3240       0.4420
     485       2.1791       0.1383
     486       0.9202       0.2942
     487       1.1004       0.2848
     488       1.5351       0.4602
     489       0.5262       0.1409
     490       0.7063       0.1811
     491       0.9102       0.2959
     492       1.2897       0.3208
     493       2.5784       0.3238
     494       1.8509       0.4153
     495       1.6062       0.4032
     496       2.3053       0.4744
     497       1.7370       0.4322
     498       2.0000       0.5534
     499       2.1968       0.6697
     500       1.4004       0.4485
     501       1.5519       0.5267
     502       0.9421       0.3589
     503       1.2178       0.3342
     504       1.7612       0.3353
     505       0.9734       0.3498
     506       1.9549       0.4310
     507       1.4557       0.6006
     508       1.4658       0.4371
     509       1.9036       0.7688
     510       1.0357       0.2222
     511       1.7521       0.1857
     512       1.1682       0.3233
     513       1.1975       0.3028
     514       1.4234       0.3095
     515       0.9879       0.3582
     516       0.9196       0.2815
     517       2.0788       0.4284
     518       1.7307       0.6414
     519       1.2617       0.3223
     520       1.2028       0.2990
     521       1.8869       0.7137
     522       1.3240       0.3774
     523       0.7804       0.1735
     524       1.3922       0.5840
     525       1.6170       0.4321
     526       1.0824       0.2553
     527       0.5340       0.1866
     528       0.8723       0.2341
     529       0.6253       0.1700
     530       1.0313       0.2910
     531       0.6737       0.1833
     532       0.5903       0.1729
     533       0.9347       0.2816
     534       0.5968       0.1624
     535       1.1882       0.1343
     536       1.1444       0.3299
     537       0.7684       0.2030
     538       1.5773       0.1018
     539       1.5982       0.8082
     540       1.5592       0.3370
     541       1.0905       0.3001
     542       0.9807       0.3760
     543       1.5574       0.4254
     544       1.3836       0.4712
     545       1.4876       0.7557
     546       2.1558       0.9073
     547       3.8526       1.4031
     548       1.0556       0.3180
     549       1.0033       0.1925
     550       2.0795       0.2956
     551       2.2741       0.1271
     552       0.6905       0.2581
     553       2.4000       0.5934
     554       0.8439       0.2013
     555       0.5659       0.1643
     556       1.3493       0.5462
     557       1.7244       0.4548
     558       1.7605       0.4713
     559       1.3202       0.4264
     560       1.2159       0.3881
     561       1.2934       0.4705
     562       2.5862       0.5408
     563       1.7679       0.8970
     564       2.3640       1.0674
     565       2.0587       1.2617
     566       2.2872       1.0361
     567       0.8869       0.3081
     568       2.8491       0.8104
     569       2.2943       0.3285
     570       1.1776       0.2369
     571       1.9788       0.1002
     572       1.2584       0.3458
     573       5.1279       0.9207
     574       2.3882       0.2612
     575       1.2836       0.3757
     576       1.2999       0.3129
     577       1.0754       0.3105
     578       0.9975       0.4479
     579       0.6109       0.1888
     580       0.6178       0.2110
     581       3.9747       0.9003
     582       1.4965       0.5283
     583       0.6821       0.2305
     584       0.7009       0.2540
     585       0.8411       0.2695
     586       1.2698       0.3132
     587       2.1339       0.6758
     588       1.3799       0.4481
     589       0.8702       0.3328
     590       2.4743       0.5704
     591       1.3402       0.4969
     592       0.9306       0.3144
     593       2.2057       0.7205
     594       2.0691       0.5634
     595       1.0506       0.3097
     596       1.2345       0.3064
     597       1.7594       0.6651
     598       1.2960       0.3977
     599       1.1316       0.2555
     600       0.8771       0.3369
     601       1.2850       0.3352
     602       1.1761       0.3604
     603       1.6657       0.6150
     604       2.3104       0.4609
     605       2.4191       0.5203
