#Residue      AvgRMSD        Stdev
       1      14.6845       1.6795
       2       9.1093       1.1777
       3       5.7387       0.6024
       4       1.4110       0.4020
       5       1.2779       0.3479
       6       0.8610       0.3431
       7       1.0037       0.3715
       8       1.0894       0.4066
       9       0.8281       0.3866
      10       0.8364       0.3885
      11       0.9631       0.3734
      12       1.0245       0.4211
      13       0.8895       0.4293
      14       0.8418       0.3535
      15       1.6085       0.4737
      16       1.6068       0.5336
      17       1.6421       0.5040
      18       1.7455       0.5190
      19       2.3137       0.6754
      20       1.9835       0.8096
      21       2.2176       0.8739
      22       2.4697       0.9202
      23       2.4712       1.1951
      24       3.0652       1.1490
      25       3.0101       1.1872
      26       3.7510       1.2446
      27       5.6011       1.2348
      28       7.3683       0.8780
      29       4.9113       1.4203
      30       2.7526       1.1786
      31       5.9172       1.5355
      32       5.2380       1.5550
      33       7.3442       1.2181
      34       5.3521       1.4129
      35       5.0219       1.3550
      36       6.3300       1.3037
      37      10.0641       1.4311
      38      11.8429       1.5952
      39      12.4527       1.3585
      40       8.5634       0.8919
      41       7.8548       1.1052
      42      10.4274       1.3179
      43       8.1561       0.8513
      44       4.5930       1.0125
      45       3.6465       0.5683
      46       7.1596       0.7817
      47       8.3725       0.8486
      48       5.4150       0.6044
      49       5.5987       0.7424
      50       5.2969       0.6100
      51       3.3705       0.3404
      52       2.3034       0.5635
      53       1.7361       0.3779
      54       1.5781       0.4484
      55       0.8316       0.2632
      56       0.7750       0.3126
      57       0.9830       0.3148
      58       1.8133       0.3548
      59       3.7207       0.7754
      60       3.8801       0.7447
      61       4.3263       0.8921
      62       3.6535       0.7363
      63       2.9863       0.5917
      64       1.8451       0.3636
      65       1.2065       0.3528
      66       0.9586       0.3548
      67       1.4612       0.3143
      68       1.6244       0.4733
      69       1.6279       0.6372
      70       1.4287       0.4811
      71       1.3576       0.4715
      72       2.2745       0.6080
      73       2.0290       0.5622
      74       1.4165       0.7278
      75       2.0651       0.7283
      76       1.9799       0.5930
      77       1.3067       0.4263
      78       0.7148       0.2657
      79       0.6491       0.2727
      80       0.7318       0.3496
      81       0.7803       0.2985
      82       1.6423       0.4942
      83       2.4734       1.1492
      84       2.1159       0.7604
      85       2.0545       0.5152
      86       0.8374       0.2985
      87       0.9128       0.3329
      88       0.8912       0.2982
      89       1.0313       0.3980
      90       0.8595       0.3527
      91       0.6458       0.3004
      92       0.6086       0.2964
      93       0.6089       0.2259
      94       0.5927       0.2239
      95       0.5124       0.2357
      96       0.5129       0.2355
      97       0.5804       0.2621
      98       0.6717       0.3793
      99       0.7727       0.3781
     100       0.8338       0.3748
     101       0.9368       0.3578
     102       0.9419       0.4100
     103       0.9081       0.5043
     104       0.9183       0.5505
     105       1.1083       0.4638
     106       0.8206       0.3766
     107       0.6114       0.3689
     108       0.7475       0.4947
     109       1.0231       0.4180
     110       0.9939       0.3167
     111       0.7117       0.2938
     112       0.5432       0.2880
     113       0.8435       0.2989
     114       0.6428       0.2537
     115       0.6703       0.2621
     116       0.7772       0.2776
     117       0.9776       0.3047
     118       0.9669       0.3215
     119       1.3957       0.4076
     120       0.9078       0.3786
     121       1.2950       0.4522
     122       1.4800       0.5128
     123       1.4807       0.5678
     124       1.4191       0.4808
     125       1.2249       0.4938
     126       1.4215       0.5068
     127       1.2930       0.4789
     128       1.1936       0.4727
     129       1.2682       0.4662
     130       1.5835       0.4832
     131       1.3986       0.4943
     132       1.8908       0.6811
     133       1.8959       0.8468
     134       1.7499       0.8745
     135       1.4693       0.5704
     136       1.1651       0.4184
     137       0.8565       0.3102
     138       0.9592       0.3244
     139       1.2489       0.4199
     140       1.1995       0.3709
     141       1.1738       0.3262
     142       1.4183       0.4301
     143       1.5331       0.4563
     144       1.0517       0.3443
     145       0.8651       0.3015
     146       1.4695       0.4988
     147       1.2812       0.4415
     148       0.9516       0.3605
     149       0.8785       0.4110
     150       1.5273       0.7085
     151       1.5455       0.5810
     152       1.0523       0.3191
     153       1.1621       0.4146
     154       0.8176       0.3376
     155       0.9461       0.3891
     156       1.0915       0.4058
     157       1.2428       0.4235
     158       1.1901       0.4278
     159       1.4244       0.5283
     160       1.5700       0.6796
     161       1.7218       0.6092
     162       1.8884       0.6338
     163       2.1041       1.0519
     164       2.0005       1.0905
     165       1.7183       1.0350
     166       1.4610       0.8026
     167       1.2413       0.5101
     168       0.7584       0.3699
     169       0.6570       0.2951
     170       0.8946       0.2927
     171       0.5643       0.2524
     172       0.6814       0.2555
     173       0.7707       0.2558
     174       0.7812       0.2562
     175       0.6686       0.2335
     176       0.7721       0.2617
     177       0.7177       0.2491
     178       0.5205       0.2127
     179       0.5780       0.1992
     180       0.5652       0.2246
     181       0.4900       0.2042
     182       0.7540       0.2244
     183       0.8949       0.2840
     184       0.6803       0.2477
     185       0.6542       0.2703
     186       0.6351       0.2206
     187       0.5047       0.2297
     188       0.8080       0.2612
     189       0.8814       0.2885
     190       0.5928       0.2401
     191       0.6283       0.2750
     192       0.7641       0.3470
     193       0.7846       0.3166
     194       0.8092       0.3384
     195       0.9526       0.3759
     196       1.3085       0.5069
     197       1.2917       0.4595
     198       1.2254       0.5222
     199       1.0357       0.4677
     200       1.0711       0.3884
     201       1.1703       0.3912
     202       1.2757       0.4866
     203       1.0203       0.4361
     204       0.9999       0.4475
     205       1.3647       0.4946
     206       1.3358       0.4668
     207       1.0790       0.3767
     208       0.8367       0.2685
     209       0.4962       0.2201
     210       0.5591       0.2655
     211       0.6611       0.2129
     212       0.6331       0.2505
     213       0.5617       0.2283
     214       0.5211       0.2669
     215       0.5460       0.2510
     216       0.6671       0.2656
     217       0.5840       0.2644
     218       0.6646       0.3084
     219       0.6199       0.2837
     220       0.9970       0.4894
     221       1.0547       0.4251
     222       1.0180       0.4574
     223       0.8459       0.3734
     224       0.7659       0.3026
     225       1.1115       0.2740
     226       1.5038       0.2628
     227       1.2231       0.2613
     228       0.7997       0.3022
     229       1.2284       0.3482
     230       1.4971       0.4079
     231       1.1136       0.3117
     232       0.6946       0.3861
     233       1.2796       0.5646
     234       1.3801       0.4726
     235       0.8278       0.2867
     236       0.4874       0.1952
     237       0.6717       0.2471
     238       0.6760       0.2763
     239       0.8383       0.2765
     240       1.2489       0.3426
     241       1.3639       0.4555
     242       1.2103       0.3562
     243       1.2758       0.3880
     244       1.0879       0.3625
     245       1.3561       0.4409
     246       1.2087       0.3601
     247       1.2286       0.3224
     248       1.3615       0.4169
     249       1.3945       0.4579
     250       1.3785       0.5423
     251       0.9788       0.4782
     252       0.8310       0.3510
     253       1.0880       0.4040
     254       1.0615       0.4428
     255       0.9454       0.4077
     256       0.8922       0.3962
     257       0.5738       0.2548
     258       0.5201       0.2223
     259       0.4965       0.2061
     260       0.7496       0.2725
     261       0.9549       0.3057
     262       0.5159       0.2284
     263       1.1216       0.3116
     264       1.6824       0.3701
     265       1.3477       0.3090
     266       1.0942       0.3387
     267       1.8137       0.4777
     268       1.8778       0.4199
     269       2.1857       0.6080
     270       3.8036       1.5194
     271       3.6801       0.9568
     272       3.9548       2.1125
     273       3.9459       2.5711
     274       2.7343       2.1832
     275       3.6012       1.3194
     276       2.2333       1.6246
     277       2.7097       1.2929
     278       2.4876       1.3881
     279       1.1418       0.4819
     280       1.0363       0.4270
     281       1.0552       0.4402
     282       1.1320       0.4602
     283       1.2839       0.5018
     284       1.3218       0.4572
     285       1.3158       0.4393
     286       1.3308       0.6207
     287       1.6133       0.6612
     288       1.3970       0.5678
     289       2.0225       0.6963
     290       2.5791       0.8846
     291       1.9615       0.7928
     292       1.5668       0.6475
     293       1.8549       0.5430
     294       3.3454       0.6127
     295       1.9739       0.6960
     296       1.7564       0.6191
     297       1.6719       0.6411
     298       1.9833       0.6051
     299       2.0976       0.6655
     300       1.9190       0.5757
     301       1.5555       0.4482
     302       1.7072       0.5293
     303       2.0060       0.5474
     304       1.9673       0.4364
     305       1.8215       0.3717
     306       2.0480       0.4840
     307       2.1065       0.5101
     308       1.9338       0.4551
     309       2.1235       0.5489
     310       2.2468       0.6785
     311       2.3110       0.6584
     312       1.5631       0.6409
     313       2.0759       0.5753
     314       2.6903       0.8317
     315       2.1751       0.5555
     316       1.8085       0.5779
     317       1.9786       0.7031
     318       1.6574       0.4822
     319       1.7836       0.7590
     320       2.3774       0.6278
     321       3.5408       0.8476
     322       4.3457       0.7260
     323       3.5755       0.7176
     324       4.0196       0.6749
     325       3.7255       0.6574
     326       2.7465       0.5705
     327       2.2822       0.5225
     328       2.6013       0.4868
     329       1.9905       0.3518
     330       1.9294       0.3445
     331       2.4668       0.4056
     332       2.3418       0.4033
     333       2.2111       0.3463
     334       2.3243       0.3855
     335       2.6203       0.4483
     336       2.4739       0.4037
     337       2.2863       0.4803
     338       2.6648       0.5777
     339       3.0098       0.6092
     340       2.6536       0.5268
     341       2.5759       0.6363
     342       2.7644       0.7662
     343       2.6581       0.9757
     344       2.3953       0.8395
     345       2.7956       0.7968
     346       1.9337       0.6087
     347       2.1193       0.5698
     348       2.4853       0.6210
     349       1.9077       0.4929
     350       1.3590       0.3480
     351       2.1564       0.4644
     352       1.9534       0.4584
     353       1.3977       0.4043
     354       2.0509       0.5012
     355       2.7748       0.6471
     356       2.3543       0.5478
     357       2.2513       0.5061
     358       2.2665       0.5648
     359       1.9668       0.6236
     360       2.2352       0.5809
     361       2.1932       0.5597
     362       2.4532       0.6329
     363       2.6224       0.7506
     364       2.6996       0.6246
     365       2.2198       0.5185
     366       2.9003       0.6201
     367       5.6723       0.7100
     368       5.3150       0.8286
     369       3.1370       0.5612
     370       2.3905       0.5473
     371       2.1273       0.4926
     372       2.0665       0.5698
     373       1.7662       0.5253
     374       1.4968       0.4500
     375       1.6479       0.5569
     376       1.5703       0.4023
     377       1.7625       0.3508
     378       1.7794       0.5477
     379       1.5800       0.3632
     380       1.8316       0.3995
     381       1.3583       0.3126
     382       0.9291       0.3255
     383       1.2057       0.3914
     384       1.6891       0.4262
     385       1.6535       0.3890
     386       1.0438       0.3542
     387       0.6990       0.2664
     388       0.9411       0.3319
     389       1.0204       0.3093
     390       0.8793       0.3462
     391       0.9019       0.3203
     392       0.7351       0.2514
     393       0.8392       0.2685
     394       0.9480       0.2715
     395       1.0183       0.2906
     396       1.0288       0.2962
     397       0.7954       0.2674
     398       0.7433       0.2599
     399       0.5255       0.2115
     400       0.4721       0.2120
     401       0.7021       0.2522
     402       0.7028       0.2408
     403       0.4671       0.2222
     404       0.6772       0.3031
     405       0.6647       0.3265
     406       0.5607       0.2302
     407       0.6483       0.2468
     408       0.7611       0.3223
     409       0.7805       0.3090
     410       0.5465       0.2356
     411       0.8664       0.3375
     412       0.8539       0.3746
     413       0.8948       0.3905
     414       1.0010       0.4028
     415       1.1871       0.6397
     416       1.7685       0.8295
     417       2.7937       0.9061
     418       2.6859       0.8559
     419       2.1894       0.9404
     420       2.5991       0.9230
     421       3.0150       0.6252
     422       5.9587       0.5775
     423       7.8467       0.7211
     424       9.2173       0.7666
     425      10.2529       0.7781
     426      10.8253       1.3755
     427      12.5848       1.7245
     428      13.5464       2.1028
     429      12.6756       1.6661
     430      12.7599       1.7370
     431      14.5558       2.7407
     432      14.7038       3.0589
     433      13.5407       3.0374
     434      13.9456       3.5477
     435      14.6849       4.8011
     436      15.8848       5.0496
     437      17.0882       6.0909
