#Residue      AvgRMSD        Stdev
       1       4.2112       1.3736
       2       2.8162       0.8809
       3       1.4301       0.5424
       4       1.4704       0.5274
       5       1.1725       0.4840
       6       1.0806       0.3743
       7       1.3363       0.3770
       8       1.2928       0.4681
       9       1.5587       0.6093
      10       1.2887       0.5062
      11       1.2917       0.5085
      12       1.1120       0.4745
      13       0.9461       0.4191
      14       0.9336       0.3852
      15       0.9025       0.3893
      16       0.6907       0.3237
      17       0.7657       0.2937
      18       0.9729       0.3862
      19       1.0077       0.4116
      20       0.9829       0.4609
      21       1.2815       0.5621
      22       1.5415       0.6584
      23       1.3509       0.6624
      24       1.1446       0.4720
      25       1.1425       0.5106
      26       0.9707       0.4473
      27       1.1422       0.5666
      28       1.0903       0.5133
      29       0.9106       0.3942
      30       1.2221       0.4893
      31       1.3024       0.6241
      32       1.4393       0.6446
      33       1.0874       0.4852
      34       1.9809       0.6407
      35       2.3614       0.7488
      36       1.1636       0.5374
      37       1.2272       0.6219
      38       1.3007       0.6208
      39       1.7464       0.8632
      40       1.8831       0.8562
      41       2.1730       1.0576
      42       1.8909       0.9362
      43       1.6822       0.8133
      44       1.5692       0.6666
      45       1.3293       0.5337
      46       1.1463       0.4723
      47       0.9659       0.4478
      48       0.8788       0.4030
      49       1.2944       0.4629
      50       1.6716       0.6046
      51       2.2136       0.8962
      52       2.8405       0.9560
      53       2.4619       0.9758
      54       2.3223       0.8239
      55       1.3569       0.5742
      56       0.9527       0.4589
      57       0.6116       0.2681
      58       0.7078       0.3024
      59       0.8063       0.3051
      60       1.0352       0.4162
      61       1.1206       0.4845
      62       1.4383       0.4997
      63       1.4136       0.4316
      64       0.9918       0.3444
      65       0.7841       0.2863
      66       0.6663       0.2990
      67       0.6356       0.2989
      68       0.7816       0.3481
      69       1.0073       0.4073
      70       1.0026       0.4597
      71       1.1056       0.4535
      72       0.9144       0.4203
      73       1.0194       0.3945
      74       1.1883       0.5453
      75       1.1278       0.4837
      76       0.8274       0.3720
      77       0.9769       0.4120
      78       1.0996       0.5202
      79       0.9370       0.3937
      80       0.7325       0.3065
      81       0.9156       0.4089
      82       0.9112       0.4271
      83       0.7276       0.2982
      84       0.8330       0.3776
      85       1.0033       0.5031
      86       1.0347       0.4076
      87       0.9345       0.4538
      88       1.1496       0.6245
      89       1.2924       0.7508
      90       1.4336       0.7156
      91       1.6036       0.9033
      92       1.5234       0.6545
      93       2.1538       0.8466
      94       1.7600       0.6560
      95       2.9252       1.2371
      96       2.0833       0.8476
      97       1.5746       0.6788
      98       1.0952       0.5020
      99       1.2537       0.5401
     100       1.0926       0.4861
     101       0.9510       0.3998
     102       0.8656       0.4050
     103       1.0265       0.4358
     104       1.0188       0.4292
     105       0.9880       0.4257
     106       1.0908       0.4319
     107       1.2752       0.4943
     108       1.4037       0.5113
     109       1.4760       0.4145
     110       1.3836       0.3694
     111       1.0604       0.3428
     112       1.2449       0.4839
     113       1.2186       0.4001
     114       1.2478       0.4270
     115       1.0780       0.3111
     116       1.2189       0.3528
     117       0.9394       0.3193
     118       1.1693       0.4153
     119       1.4412       0.4282
     120       1.2709       0.4506
     121       1.3140       0.4967
     122       1.4141       0.5940
     123       2.0108       0.6533
     124       2.0075       0.6696
     125       2.1416       0.7247
     126       2.1307       0.8272
     127       1.2297       0.6614
     128       1.4669       0.6242
     129       1.5930       0.5827
     130       1.7256       0.6858
     131       2.0984       0.9479
     132       2.6328       1.0340
     133       2.8353       1.1431
     134       2.6982       1.0272
     135       1.9625       0.7734
     136       1.3464       0.4491
     137       1.2351       0.4479
     138       1.2344       0.5552
     139       1.1934       0.5600
     140       1.4972       0.3688
     141       1.4410       0.4059
     142       1.5801       0.6769
     143       1.6494       0.6951
     144       1.7000       0.8386
     145       1.4845       0.6486
     146       1.2131       0.3886
     147       1.0731       0.3921
     148       1.0288       0.3872
     149       0.9171       0.3800
     150       1.0666       0.3140
     151       1.2147       0.3260
     152       1.2595       0.3405
     153       1.5199       0.3871
     154       1.2449       0.2981
     155       1.4098       0.3506
     156       1.2740       0.3367
     157       1.2597       0.4541
     158       1.3151       0.5316
     159       1.1804       0.4832
     160       1.2908       0.4987
     161       1.5410       0.5438
     162       1.2854       0.5577
     163       1.3873       0.5609
     164       2.1150       0.5692
     165       3.4239       0.8158
     166       3.3448       0.8600
     167       2.1143       0.5600
     168       2.6049       0.4841
     169       2.7270       0.5783
     170       2.0290       0.4328
     171       1.4315       0.4016
     172       1.1873       0.4460
     173       1.1430       0.3920
     174       1.0281       0.3104
     175       0.6647       0.2846
     176       0.8577       0.3862
     177       1.1375       0.4750
     178       0.8558       0.3948
     179       1.1708       0.5035
     180       1.5215       0.6885
     181       1.5998       0.6240
     182       1.6112       0.5789
     183       1.2544       0.4010
     184       1.2379       0.3582
     185       1.4987       0.4656
     186       1.8164       0.5860
     187       1.4004       0.5722
     188       2.2259       1.0290
     189       2.2419       0.9233
     190       3.2559       1.3990
     191       4.2087       1.4531
     192       5.8361       1.8865
     193      10.4055       2.3876
