#Residue RMSD_00001[A RMSD_00001[S
       1       4.0389       2.7461
       2       1.9601       1.5477
       3       0.8222       0.3047
       4       0.5417       0.2458
       5       0.6591       0.2636
       6       0.9245       0.3011
       7       0.8039       0.2840
       8       1.0052       0.4539
       9       1.5093       0.7774
      10       2.0764       0.8194
      11       1.5166       0.6600
      12       1.1059       0.4051
      13       1.0867       0.4222
      14       0.9692       0.2950
      15       0.6448       0.2158
      16       0.5824       0.2314
      17       0.5443       0.2132
      18       0.7654       0.2471
      19       1.5277       0.6016
      20       3.1136       1.0054
      21       2.7878       0.5512
      22       1.8839       0.2854
      23       1.0082       0.2213
      24       0.8725       0.1979
      25       0.8310       0.1955
      26       1.0855       0.2495
      27       0.6700       0.2644
      28       0.7444       0.3170
      29       0.8952       0.2584
      30       0.8631       0.2952
      31       0.9451       0.3467
      32       1.1610       0.3609
      33       1.1119       0.4246
      34       0.8903       0.3676
      35       1.0772       0.4591
      36       2.3052       1.0494
      37       4.0201       1.9510
      38       4.9679       2.1218
      39       5.5420       2.0645
      40       4.0662       1.3356
      41       2.7090       0.9491
      42       2.0900       0.7018
      43       1.4676       0.4849
      44       0.9918       0.3355
      45       1.3392       0.4058
      46       1.3598       0.3812
      47       1.1284       0.3758
      48       1.6545       0.4442
      49       0.9443       0.4348
      50       2.0564       0.7009
      51       2.6127       0.5611
      52       1.7405       0.4155
      53       1.2973       0.3194
      54       0.8895       0.2641
      55       0.9678       0.2398
      56       1.0808       0.3133
      57       1.5193       0.3620
      58       1.4547       0.4291
      59       1.3636       0.4060
      60       0.8717       0.2960
      61       0.6011       0.2865
      62       0.6102       0.2738
      63       1.4246       0.4293
      64       0.8108       0.2620
      65       1.7888       0.4692
      66       1.8642       0.6138
      67       2.0675       0.6209
      68       1.7844       0.6985
      69       1.9037       0.4781
      70       1.2593       0.4523
      71       0.7862       0.2938
      72       0.6236       0.2652
      73       0.7232       0.2842
      74       0.6255       0.2796
      75       0.5067       0.2152
      76       0.5606       0.2455
      77       0.6899       0.2443
      78       0.9215       0.3480
      79       1.0954       0.5143
      80       1.6452       0.6743
      81       1.4703       0.5614
      82       1.1196       0.5635
      83       0.8162       0.3344
      84       0.8125       0.3251
      85       0.7911       0.3202
      86       0.6803       0.3142
      87       0.6740       0.2998
      88       0.6375       0.2935
      89       0.6933       0.3493
      90       0.7010       0.3111
      91       0.9710       0.3862
      92       1.0064       0.3888
      93       1.8277       0.5685
      94       4.0890       0.9039
      95       5.0409       1.0306
      96       7.9814       1.5067
      97       6.5881       1.5172
      98       5.8341       1.1166
      99       3.8216       0.8010
     100       1.5528       0.5031
     101       1.2151       0.3822
     102       0.9399       0.2651
     103       0.9126       0.2816
     104       1.0664       0.3356
     105       0.6832       0.2538
     106       0.8123       0.2665
     107       1.0316       0.3054
     108       1.1416       0.4393
     109       1.2210       0.4626
     110       1.0667       0.3978
     111       0.6820       0.2364
     112       0.6190       0.2437
     113       0.9178       0.2851
     114       0.7058       0.2601
     115       0.4857       0.2010
     116       0.4298       0.1844
     117       0.5380       0.2106
     118       0.6565       0.2953
     119       2.0737       0.5181
     120       2.9487       0.7338
     121       3.4332       1.1190
     122       1.1141       0.3739
     123       0.9152       0.3132
     124       0.8254       0.2249
     125       0.8255       0.2224
     126       0.8394       0.1845
     127       0.8924       0.1991
     128       2.8304       0.7396
     129       1.2068       0.4244
     130       1.4538       0.5784
     131       1.6668       0.5642
     132       2.3273       0.6978
     133       2.5321       0.7898
     134       4.0806       1.1601
     135       4.8406       1.1861
     136       4.3294       1.0862
     137       2.7761       0.7703
     138       1.8859       0.5422
     139       0.9623       0.3334
     140       0.5377       0.2314
     141       0.5817       0.2163
     142       0.7498       0.2221
     143       1.1759       0.2543
     144       1.2420       0.2783
     145       1.8722       0.3982
     146       1.8089       0.4978
     147       5.6926       0.8213
