#Residue      AvgRMSD        Stdev
       1       2.0783       0.1092
       2       1.8243       0.1024
       3       2.7380       0.1473
       4       3.6402       0.1314
       5       2.0931       0.1237
       6       2.0041       0.1196
       7       1.6884       0.2016
       8       1.7396       0.1109
       9       3.1823       0.2925
      10       1.6348       0.1595
      11       1.6296       0.1571
      12       1.6229       0.0723
      13       1.8133       0.0516
      14       0.8876       0.0726
      15       0.8690       0.0879
      16       1.0008       0.0849
      17       0.7916       0.0633
      18       0.6042       0.0905
      19       1.0140       0.0913
      20       1.2876       0.0829
      21       0.9228       0.2916
      22       0.9997       0.0939
      23       1.1951       0.0831
      24       1.2004       0.1017
      25       1.1142       0.0823
      26       1.4196       0.1329
      27       1.0374       0.1237
      28       1.5252       0.1620
      29       2.2919       0.4155
      30       1.4370       0.3055
      31       2.3892       0.6566
      32       1.2166       0.1528
      33       1.2554       0.1239
      34       1.1851       0.0742
      35       2.4008       0.2939
      36       1.2358       0.1109
      37       1.2862       0.1288
      38       1.4275       0.1363
      39       1.4352       0.0919
      40       1.0237       0.0858
      41       0.8244       0.1038
      42       2.0823       0.0976
      43       1.1839       0.0766
      44       0.8769       0.1128
      45       1.1406       0.0948
      46       1.4194       0.1480
      47       1.5566       0.0634
      48       1.8224       0.0918
      49       0.6814       0.0998
      50       0.8241       0.0663
      51       0.6629       0.1029
      52       0.9629       0.2007
      53       0.9687       0.0914
      54       0.4777       0.0752
      55       0.5205       0.0783
      56       1.3292       0.0958
      57       1.1313       0.0992
      58       1.9537       0.1158
      59       1.4075       0.1627
      60       1.1400       0.0987
      61       0.7817       0.0873
      62       0.8419       0.1256
      63       1.2219       0.0986
      64       1.2712       0.1393
      65       1.2177       0.0814
      66       0.8422       0.0953
      67       0.6933       0.0892
      68       0.6007       0.1023
      69       1.7916       0.1140
      70       0.8070       0.1023
      71       0.5621       0.0772
      72       0.5948       0.1076
      73       0.6539       0.1025
      74       1.6354       0.0734
      75       0.8180       0.0883
      76       0.8648       0.0839
      77       0.9526       0.1372
      78       0.6823       0.1143
      79       0.8598       0.1225
      80       0.7882       0.0957
      81       2.7877       0.0748
      82       1.8441       0.1293
      83       1.4591       0.1315
      84       1.0385       0.1245
      85       2.0319       0.1395
      86       1.9427       0.1411
      87       2.2208       0.1148
      88       0.8907       0.0810
      89       1.0724       0.1174
      90       0.5053       0.0753
      91       0.9044       0.0547
      92       0.7744       0.1549
      93       0.7975       0.1722
      94       0.7058       0.0613
      95       0.5910       0.0856
      96       1.0511       0.1442
      97       0.8597       0.2054
      98       0.8319       0.1304
      99       0.6302       0.1122
     100       0.6169       0.0620
     101       1.7674       0.0798
     102       0.8756       0.1726
     103       0.5302       0.0870
     104       1.0286       0.0720
     105       2.0589       0.1487
     106       3.6282       0.1046
     107       2.0674       0.1195
     108       2.3514       0.1503
     109       1.1039       0.1454
     110       2.3065       0.1066
     111       0.9933       0.0833
     112       0.7554       0.0982
     113       0.3915       0.0706
     114       0.7012       0.1025
     115       0.8223       0.1206
     116       1.5088       0.1764
     117       1.9630       0.1156
     118       2.2325       0.1024
     119       0.9693       0.1058
     120       1.3238       0.0790
     121       1.0552       0.1002
     122       2.3526       0.0851
     123       0.8641       0.0752
     124       0.6145       0.1452
     125       0.8838       0.0800
     126       0.8775       0.0865
     127       0.6268       0.0999
     128       0.8831       0.0994
     129       0.9473       0.1135
     130       0.9132       0.0787
     131       0.8567       0.0913
     132       0.6504       0.0706
     133       0.3910       0.0725
     134       0.7194       0.0573
     135       0.8289       0.0639
     136       1.1692       0.0658
     137       0.8070       0.0894
     138       0.8108       0.0784
     139       1.7399       0.0790
     140       0.8240       0.1043
     141       0.7631       0.0771
     142       0.4950       0.0780
     143       0.4919       0.1031
     144       0.3933       0.0956
     145       1.0628       0.1177
     146       0.5295       0.1270
     147       1.5746       0.0576
     148       1.4754       0.1186
     149       0.8096       0.0908
     150       1.5782       0.1067
     151       1.2353       0.1474
     152       1.5481       0.1097
     153       2.3637       0.2675
     154       1.4263       0.1030
     155       1.0473       0.0978
     156       1.0812       0.1074
     157       1.4565       0.1033
     158       0.9974       0.0882
     159       0.6613       0.1487
     160       0.8988       0.0825
     161       0.7791       0.0903
     162       1.0161       0.3830
     163       0.9789       0.1046
     164       0.7443       0.0870
     165       0.7167       0.1025
     166       1.0515       0.0815
     167       0.6753       0.0937
     168       1.8338       0.0786
     169       1.0495       0.0848
     170       0.9816       0.1082
     171       1.6753       0.0777
     172       0.8859       0.0934
     173       1.9058       0.1028
     174       2.3722       0.0927
     175       2.1507       0.0952
     176       1.7513       0.0789
     177       1.5042       0.1359
     178       1.9114       0.0959
     179       1.0836       0.1094
     180       0.8610       0.1148
     181       1.1849       0.0919
     182       0.8653       0.0624
     183       0.6626       0.1051
     184       0.5995       0.0813
     185       1.3025       0.0767
     186       1.0858       0.1063
     187       0.6914       0.0726
     188       1.5309       0.1332
     189       1.2620       0.0975
     190       1.5246       0.0795
     191       0.8781       0.0578
     192       0.9992       0.1002
     193       1.0588       0.0875
     194       1.1141       0.0957
     195       1.7699       0.0916
     196       1.3061       0.0778
     197       2.1938       0.0738
     198       4.0253       0.1680
     199       1.9627       0.0582
     200       1.6548       0.1390
     201       2.2925       0.1741
     202       1.6058       0.1096
     203       1.0029       0.0878
     204       1.5214       0.1550
     205       1.1235       0.0928
     206       1.4297       0.0697
     207       1.1815       0.0846
     208       1.2429       0.1220
     209       1.4302       0.0932
     210       1.8086       0.1017
     211       2.0178       0.1047
     212       1.5318       0.0935
     213       1.4960       0.1120
     214       1.2469       0.0765
     215       1.1397       0.0951
     216       1.3790       0.0913
     217       1.9560       0.0669
     218       1.4940       0.0880
     219       1.8071       0.0889
     220       3.6788       0.2876
     221       2.9852       0.1013
     222       2.4222       0.1330
     223       1.5463       0.1013
     224       2.2384       0.1091
     225       2.3063       0.1106
     226       1.9788       0.0950
     227       1.4065       0.0727
     228       1.3586       0.1327
     229       1.6778       0.0887
     230       1.3826       0.0954
     231       1.4309       0.0683
     232       1.7424       0.0984
     233       1.3416       0.1017
     234       1.2164       0.0929
     235       1.3372       0.0821
     236       1.0515       0.0819
     237       0.9797       0.1169
     238       1.0960       0.0868
     239       1.2235       0.0963
     240       1.4312       0.0856
     241       1.3167       0.0790
     242       1.2186       0.0763
     243       1.6764       0.1563
     244       1.7322       0.0960
     245       2.3242       0.1137
     246       2.6809       0.0645
     247       0.9859       0.1046
     248       1.6260       0.0977
     249       1.4008       0.0992
     250       1.5528       0.1334
     251       3.3271       0.1099
     252       1.2449       0.0933
     253       0.8352       0.1138
     254       0.6622       0.0708
     255       0.6887       0.0752
     256       0.6127       0.0845
     257       0.8130       0.0842
     258       1.2797       0.1086
     259       0.8172       0.0657
     260       1.1823       0.0757
     261       1.1340       0.0836
     262       1.1567       0.1225
     263       1.8973       0.1519
     264       1.2376       0.1227
     265       1.2422       0.1289
     266       1.0199       0.1597
     267       0.9477       0.1340
     268       1.4936       0.1064
     269       3.1454       0.1079
     270       0.9437       0.0919
     271       1.8762       0.1500
     272       0.8078       0.0636
     273       1.0987       0.1168
     274       1.2301       0.1290
     275       1.1901       0.1718
     276       1.1874       0.1403
     277       0.8660       0.1880
     278       1.0506       0.1530
     279       1.3037       0.1172
     280       1.6846       0.1445
     281       1.6173       0.0977
     282       1.9571       0.1061
     283       1.5842       0.0963
     284       0.9727       0.1009
     285       1.1861       0.0922
     286       1.7561       0.0981
     287       1.4364       0.1056
     288       0.7537       0.1055
     289       1.7170       0.1127
     290       1.1462       0.0790
     291       1.0428       0.0890
     292       0.9860       0.1628
     293       1.5595       0.1305
     294       1.0074       0.1721
     295       0.9983       0.2475
     296       1.4562       0.3427
     297       1.3546       0.1449
     298       1.6968       0.3505
     299       1.2285       0.1532
     300       2.3884       0.1397
     301       1.0747       0.1001
     302       1.2042       0.0925
     303       0.5689       0.0808
     304       1.1007       0.0719
     305       0.6986       0.0894
     306       0.6699       0.1135
     307       0.7042       0.0873
     308       1.0829       0.0843
     309       1.2716       0.1254
     310       1.6001       0.1040
     311       1.8318       0.1138
     312       2.1975       0.1050
     313       1.0926       0.1075
     314       2.3094       0.1004
     315       2.2943       0.1259
     316       1.2715       0.1012
     317       1.3630       0.0921
     318       1.4576       0.1046
     319       0.9279       0.1009
     320       1.7177       0.1083
     321       0.9148       0.1017
     322       1.2457       0.1286
     323       0.7564       0.0895
     324       0.7114       0.0788
     325       1.3751       0.0451
     326       1.1147       0.1575
     327       0.8987       0.0827
     328       0.7159       0.1313
     329       0.9369       0.1209
     330       0.4908       0.0764
     331       1.0562       0.0909
     332       1.6164       0.1063
     333       1.3612       0.1351
     334       1.6050       0.1416
     335       1.1386       0.1568
     336       1.1722       0.1188
     337       1.0261       0.1259
     338       1.5219       0.1139
     339       1.0608       0.0588
     340       1.0615       0.0920
     341       0.5764       0.1727
     342       0.8510       0.1060
     343       0.7799       0.1050
     344       0.9748       0.1183
     345       0.7737       0.0859
     346       0.9345       0.0945
     347       1.9873       0.1138
     348       1.0484       0.1014
     349       1.8449       0.0958
     350       2.3635       0.1095
     351       3.7402       0.1224
     352       2.8727       0.1151
     353       1.7413       0.1055
     354       0.6843       0.0952
     355       1.5394       0.0966
     356       0.9480       0.0929
     357       1.3635       0.1208
     358       0.8631       0.1242
     359       1.1280       0.0858
     360       1.1426       0.1192
     361       2.3097       0.1054
     362       1.1605       0.1023
     363       0.8821       0.0730
     364       1.5009       0.1327
     365       1.3291       0.1372
     366       1.0709       0.0851
     367       1.2706       0.1066
     368       1.2156       0.0854
     369       0.7855       0.0844
     370       0.8077       0.0890
     371       1.8124       0.0879
     372       1.5525       0.0945
     373       1.1428       0.0955
     374       1.3000       0.0927
     375       1.0515       0.1317
     376       0.7882       0.1185
     377       0.9343       0.1038
     378       0.9331       0.0949
     379       0.7695       0.0974
     380       0.8828       0.0813
     381       1.0010       0.0812
     382       1.9177       0.1665
     383       0.8215       0.1054
     384       0.6681       0.0882
     385       0.9212       0.0946
     386       0.9403       0.0966
     387       0.9982       0.1343
     388       1.5951       0.3525
     389       1.0473       0.0786
     390       0.7722       0.0851
     391       1.5938       0.1003
     392       0.9393       0.1804
     393       0.8265       0.1034
     394       2.3094       0.0827
     395       0.7201       0.1069
     396       1.0730       0.0854
     397       1.2603       0.1132
     398       1.1709       0.1673
     399       0.5981       0.0847
     400       1.0492       0.0814
     401       2.8198       0.1130
     402       1.4673       0.1081
     403       1.2495       0.1034
     404       1.8864       0.0978
     405       1.6745       0.0837
     406       2.4779       0.0915
     407       2.2078       0.0816
     408       2.0844       0.0874
     409       2.7727       0.1395
     410       2.1519       0.1019
     411       2.0075       0.0983
     412       1.9042       0.0930
     413       2.3204       0.0976
     414       1.8109       0.1436
     415       2.1191       0.1298
     416       1.7699       0.1070
     417       2.6680       0.1089
     418       1.9741       0.0923
     419       2.1663       0.1274
     420       2.3297       0.0939
     421       1.8364       0.0976
     422       1.5581       0.0868
     423       1.8228       0.1006
     424       1.4610       0.1072
     425       1.4432       0.0761
     426       0.9881       0.0962
     427       1.0410       0.0994
     428       0.6397       0.0754
     429       1.2962       0.1233
     430       1.2939       0.1225
     431       1.3802       0.1220
     432       1.2223       0.1057
     433       0.9750       0.0884
     434       1.7730       0.1803
     435       1.9192       0.0990
     436       2.6210       0.1168
     437       2.5496       0.1233
     438       2.6532       0.1861
     439       2.5233       0.1150
     440       2.2578       0.1214
     441       2.6872       0.1019
     442       1.9659       0.0948
     443       1.2059       0.0893
     444       2.0569       0.0997
     445       1.2977       0.0895
     446       0.9946       0.0743
     447       1.2763       0.1086
     448       1.5441       0.0930
     449       1.1721       0.1296
     450       1.7502       0.1382
     451       0.9874       0.0845
