#Residue      AvgRMSD        Stdev
       1       3.4847       0.7721
       2       3.2457       0.6164
       3       3.6505       0.6958
       4       3.8542       0.6946
       5       2.9986       0.4593
       6       3.1655       0.4262
       7       2.5161       0.3383
       8       2.8134       0.4395
       9       3.1397       0.6636
      10       2.4447       0.4253
      11       1.7623       0.3364
      12       1.8921       0.4336
      13       1.9967       0.4030
      14       1.6884       0.5188
      15       1.8367       0.4343
      16       1.5137       0.4982
      17       1.9114       0.3985
      18       2.5831       0.4504
      19       3.5828       0.4698
      20       1.6668       0.1803
      21       2.3820       0.4265
      22       1.2914       0.1697
      23       3.1608       0.4834
      24       1.7099       0.3137
      25       1.5210       0.2579
      26       1.1940       0.1850
      27       1.4716       0.3028
      28       1.8724       0.2055
      29       1.5015       0.2173
      30       1.2066       0.1868
      31       1.1212       0.2342
      32       1.7282       0.1341
      33       1.3892       0.1847
      34       1.7728       0.2079
      35       2.3985       0.3000
      36       1.2959       0.1911
      37       1.4845       0.2905
      38       1.5812       0.2385
      39       1.5940       0.2195
      40       1.1480       0.1799
      41       1.0729       0.2152
      42       1.4526       0.3499
      43       0.8813       0.2385
      44       0.7647       0.3256
      45       1.2154       0.1889
      46       1.3551       0.2896
      47       1.7591       0.1846
      48       0.9860       0.5787
      49       1.0365       0.1991
      50       1.2193       0.1802
      51       1.0076       0.2059
      52       1.1181       0.1524
      53       1.2524       0.2050
      54       1.0751       0.2063
      55       1.2760       0.2014
      56       1.6109       0.1950
      57       1.8638       0.1467
      58       3.8799       0.1871
      59       2.2254       0.1748
      60       1.6644       0.1712
      61       1.8610       0.2046
      62       2.0890       0.1960
      63       1.6122       0.1801
      64       1.5267       0.1770
      65       2.6060       0.2403
      66       2.8336       0.1969
      67       2.2369       0.2441
      68       1.8662       0.1890
      69       3.0414       0.3227
      70       2.3717       0.4395
      71       1.8329       0.3664
      72       1.6913       0.4024
      73       2.0374       0.2846
      74       2.3710       0.3196
      75       2.1083       0.2167
      76       2.0086       0.1649
      77       3.0737       0.2202
      78       3.5818       0.2848
      79       3.3611       0.2944
      80       3.9342       0.2393
      81       4.5153       0.9052
      82       3.0761       0.3323
      83       3.5495       0.6702
      84       2.3784       0.4465
      85       2.6165       0.5685
      86       2.4201       0.4275
      87       4.5294       0.6889
      88       1.7727       0.2759
      89       1.2996       0.2354
      90       1.3070       0.2185
      91       1.2425       0.1763
      92       1.6653       0.2042
      93       2.3365       0.1432
      94       1.2129       0.1501
      95       1.0793       0.1388
      96       1.2120       0.1003
      97       2.0193       0.1222
      98       1.0448       0.1614
      99       1.2215       0.2084
     100       1.4046       0.1890
     101       1.1715       0.1428
     102       1.0931       0.1688
     103       1.9841       0.2203
     104       0.6779       0.2037
     105       1.4758       0.2919
     106       3.4507       0.2078
     107       1.2057       0.2983
     108       1.6448       0.1892
     109       3.1546       0.2562
     110       3.6778       0.2107
     111       1.3617       0.1786
     112       0.9116       0.1920
     113       1.0042       0.2673
     114       1.6533       0.3163
     115       1.1280       0.2919
     116       2.0050       0.2167
     117       2.0871       0.1642
     118       2.1459       0.1338
     119       1.5680       0.1368
     120       1.3453       0.1765
     121       0.9089       0.1526
     122       1.9518       0.1287
     123       1.3779       0.1763
     124       0.9614       0.1669
     125       1.0589       0.1220
     126       0.8607       0.1324
     127       1.1844       0.1539
     128       1.1628       0.0958
     129       0.8053       0.1537
     130       0.7417       0.1379
     131       0.9561       0.1696
     132       1.1613       0.1946
     133       1.0846       0.2104
     134       0.8147       0.1293
     135       1.0607       0.1595
     136       1.7382       0.1981
     137       1.2710       0.1630
     138       1.2514       0.2118
     139       2.2086       0.2845
     140       1.5706       0.2139
     141       1.7683       0.2984
     142       1.4911       0.1347
     143       0.9647       0.2954
     144       0.9873       0.2041
     145       1.3209       0.1930
     146       2.3330       0.1093
     147       1.6643       0.1388
     148       1.4336       0.1758
     149       1.6883       0.2439
     150       1.1722       0.1776
     151       1.7635       0.2612
     152       1.8314       0.3172
     153       1.1448       0.5263
     154       0.9176       0.2051
     155       1.1787       0.2430
     156       1.1140       0.3071
     157       0.9299       0.2198
     158       0.6501       0.1815
     159       1.1725       0.2966
     160       1.2973       0.2171
     161       1.1868       0.2312
     162       1.6359       0.2646
     163       2.5458       0.1846
     164       1.8722       0.2942
     165       1.4769       0.2260
     166       1.8561       0.1717
     167       0.6028       0.1981
     168       1.1265       0.2678
     169       1.0036       0.2996
     170       1.4450       0.2428
     171       1.2375       0.3063
     172       1.1236       0.2245
     173       1.1362       0.2220
     174       2.3060       0.2754
     175       1.2040       0.2416
     176       2.0524       0.4583
     177       1.0588       0.1832
     178       1.9259       0.4080
     179       2.1511       0.3985
     180       1.6460       0.3988
     181       1.0818       0.2218
     182       0.9345       0.2999
     183       0.6317       0.1991
     184       1.0374       0.2389
     185       1.3304       0.2336
     186       0.8647       0.2988
     187       0.9376       0.2040
     188       1.9192       0.7298
     189       0.9391       0.2482
     190       1.4832       0.2206
     191       0.9325       0.1803
     192       1.4113       0.1990
     193       0.9833       0.1611
     194       1.1835       0.1675
     195       2.2949       0.1674
     196       3.2970       0.2179
     197       3.6432       0.2484
     198       5.0677       0.4225
     199       2.0844       0.3077
     200       1.3081       0.3083
     201       1.2939       0.2546
     202       1.9518       0.3815
     203       2.0482       0.4109
     204       1.2654       0.1926
     205       1.5809       0.1647
     206       2.3217       0.2665
     207       1.4526       0.2156
     208       1.3136       0.1914
     209       1.6059       0.2475
     210       2.9244       0.2285
     211       1.9270       0.3530
     212       1.5026       0.5097
     213       1.9938       0.1525
     214       1.4075       0.2734
     215       1.4276       0.2537
     216       1.8102       0.2731
     217       3.4004       0.2174
     218       2.3788       0.4530
     219       2.5162       0.1972
     220       2.8421       0.2822
     221       3.7499       0.2602
     222       2.9022       0.3052
     223       2.2202       0.2266
     224       2.9086       0.3725
     225       2.8189       0.3991
     226       2.9903       0.3088
     227       2.2496       0.2146
     228       2.4039       0.3857
     229       2.7131       0.3830
     230       1.9464       0.3260
     231       2.7009       0.3657
     232       3.4197       0.3372
     233       2.5743       0.3387
     234       1.7512       0.3568
     235       1.5538       0.2588
     236       0.9445       0.1933
     237       1.1021       0.1952
     238       1.4877       0.1959
     239       1.5217       0.1773
     240       1.6329       0.1743
     241       1.4953       0.1943
     242       1.6863       0.1718
     243       2.5809       0.2329
     244       1.8883       0.1527
     245       1.5252       0.1471
     246       2.5855       0.1260
     247       1.4200       0.1848
     248       1.8920       0.2038
     249       1.9664       0.1714
     250       1.3510       0.2644
     251       3.3659       0.7963
     252       1.4819       0.2107
     253       0.7999       0.1580
     254       0.7027       0.1553
     255       1.1045       0.1932
     256       0.8941       0.1884
     257       0.7537       0.1740
     258       1.2314       0.1729
     259       1.5321       0.1531
     260       2.2420       0.3975
     261       1.1277       0.0996
     262       3.7036       0.4102
     263       1.9031       0.0925
     264       1.2844       0.2287
     265       1.5496       0.1730
     266       1.3391       0.2003
     267       1.5360       0.2373
     268       2.4860       0.3261
     269       2.2683       0.6402
     270       2.0321       0.7475
     271       1.7230       0.4182
     272       2.4620       0.2056
     273       1.0169       0.2991
     274       1.4327       0.1886
     275       2.4076       0.6432
     276       1.4436       0.2266
     277       1.3793       0.2307
     278       1.2855       0.2867
     279       1.6568       0.2304
     280       1.6010       0.2980
     281       0.9071       0.1866
     282       1.2354       0.2128
     283       0.9364       0.1726
     284       0.5822       0.2383
     285       0.9414       0.2884
     286       0.9485       0.1299
     287       1.0486       0.2703
     288       0.7841       0.2274
     289       0.7880       0.0988
     290       1.3347       0.1732
     291       0.9906       0.1331
     292       1.3682       0.1636
     293       1.6768       0.1318
     294       1.6824       0.1599
     295       2.5779       0.1720
     296       2.9115       0.1410
     297       3.6387       0.3742
     298       4.1099       0.5969
     299       4.7887       0.5877
     300       3.4639       0.2576
     301       3.1700       0.3755
     302       2.2796       0.4603
     303       0.7993       0.2082
     304       1.5546       0.2826
     305       0.5932       0.1224
     306       0.8800       0.2225
     307       1.0660       0.2010
     308       0.8173       0.2329
     309       1.3007       0.4110
     310       1.0155       0.2957
     311       1.0979       0.1839
     312       1.7432       0.1648
     313       2.3497       0.3167
     314       1.2633       0.2248
     315       2.2516       0.2336
     316       1.9414       0.2471
     317       1.6019       0.2398
     318       3.2754       0.1522
     319       1.0142       0.1798
     320       1.8146       0.1883
     321       1.0741       0.1903
     322       1.4561       0.2923
     323       0.7919       0.1415
     324       0.8965       0.1385
     325       1.7087       0.1331
     326       1.5260       0.4191
     327       1.3566       0.1522
     328       1.2878       0.2194
     329       1.1679       0.2038
     330       1.1020       0.2017
     331       1.7917       0.2456
     332       2.0304       0.2194
     333       2.1527       0.2136
     334       3.4077       0.3427
     335       2.2424       0.3829
     336       2.4951       0.3586
     337       3.5304       0.2264
     338       2.4902       0.2064
     339       1.7144       0.1956
     340       1.1234       0.2392
     341       1.1296       0.2073
     342       0.9360       0.1646
     343       0.9103       0.2284
     344       1.0148       0.3162
     345       0.6816       0.1415
     346       1.2410       0.2456
     347       2.4679       0.4510
     348       1.1988       0.3406
     349       2.3816       0.2934
     350       4.1956       0.9001
     351       4.4361       0.4194
     352       2.5772       0.2627
     353       2.4089       0.3316
     354       3.0760       0.2931
     355       3.0881       0.3569
     356       1.0220       0.1838
     357       2.0525       0.1943
     358       1.4100       0.2199
     359       5.2256       0.5361
     360       2.7245       0.3884
     361       3.4895       0.3657
     362       2.2390       0.3008
     363       1.1361       0.1722
     364       2.5488       0.2255
     365       2.3413       0.2912
     366       1.2991       0.1638
     367       3.0013       0.4976
     368       3.1066       0.3192
     369       1.9506       0.2726
     370       2.6181       0.2348
     371       2.9783       0.2083
     372       3.2705       0.4792
     373       2.0932       0.2266
     374       2.3354       0.2311
     375       1.6899       0.2803
     376       1.2142       0.2393
     377       1.1174       0.2245
     378       0.7805       0.1531
     379       1.1994       0.1685
     380       1.1067       0.1738
     381       0.8446       0.1422
     382       1.3680       0.1358
     383       1.5859       0.2442
     384       1.1794       0.3134
     385       1.2314       0.2423
     386       1.8265       0.3082
     387       2.0414       0.3542
     388       2.4373       0.3380
     389       2.5160       0.3485
     390       2.4153       0.2909
     391       3.1854       0.3564
     392       2.9361       0.3090
     393       2.6927       0.2269
     394       4.3664       0.2680
     395       1.7042       0.1975
     396       2.0197       0.1929
     397       2.6805       0.2576
     398       2.4391       0.2296
     399       1.8053       0.2399
     400       2.1239       0.2738
     401       4.0472       0.6090
     402       2.3220       0.5212
     403       1.2900       0.2235
     404       2.2101       0.3049
     405       2.0354       0.2392
     406       3.4537       0.4096
     407       3.3020       0.5164
     408       3.7523       0.8985
     409       3.5176       0.8449
     410       3.8624       0.9019
     411       3.2337       0.6377
     412       3.0985       0.3285
     413       3.3266       0.3719
     414       3.7629       0.4501
     415       3.8952       0.4932
     416       2.5975       0.4211
     417       3.0159       0.4585
     418       2.5082       0.5561
     419       3.6815       0.6630
     420       3.6039       0.4824
     421       5.6302       0.5508
     422       3.0995       0.3204
     423       3.4682       0.5030
     424       2.2899       0.2398
     425       2.2583       0.2417
     426       1.6662       0.2369
     427       2.3989       0.2587
     428       1.2256       0.2074
     429       1.1694       0.2962
     430       1.1402       0.1878
     431       1.6093       0.1604
     432       1.3488       0.1602
     433       1.5796       0.2127
     434       1.5365       0.1453
     435       2.5946       0.1877
     436       3.9075       0.2443
     437       3.8477       0.2710
     438       4.1090       0.3891
     439       2.9695       0.2043
     440       2.9066       0.2137
     441       4.2978       0.3126
     442       3.1347       0.2145
     443       2.2285       0.2016
     444       3.3594       0.2763
     445       3.2620       0.2120
     446       2.4013       0.1886
     447       2.9651       0.1812
     448       3.4949       0.2430
     449       3.1169       0.3448
     450       3.6672       0.3513
     451       3.2987       0.2306
