#Residue      AvgRMSD        Stdev
       1       7.9340       3.1931
       2       9.0736       3.4450
       3      10.7273       5.1190
       4      13.9987       7.4329
       5      12.9814       6.5798
       6      10.5214       5.7935
       7       8.0413       4.9891
       8       5.7547       2.0452
       9       6.2748       1.7480
      10       7.0698       1.7660
      11       4.2420       1.5831
      12       3.4016       0.9664
      13       3.6802       0.7835
      14       3.1803       0.9744
      15       3.0847       0.8176
      16       3.2090       0.6554
      17       4.4571       0.9778
      18       6.3584       2.3183
      19       3.6391       0.9221
      20       3.9746       0.9740
      21       2.7332       0.7039
      22       2.1234       0.6661
      23       3.3884       0.9722
      24       2.9779       0.8251
      25       4.3693       1.2481
      26       4.8625       1.1301
      27       5.9298       0.9645
      28       6.0165       1.3440
      29       5.0723       1.7194
      30       7.7975       3.2487
      31       4.6832       1.3147
      32       5.0856       0.8999
      33       4.5048       1.1495
      34       6.0446       1.5333
      35       4.4371       1.1382
      36       3.4940       0.8224
      37       2.8462       0.7224
      38       2.6007       0.7416
      39       2.6418       0.6965
      40       2.7228       0.6289
      41       2.2652       0.7242
      42       4.1789       0.8058
      43       2.2201       0.5595
      44       1.9665       0.5102
      45       3.2255       0.7809
      46       2.9734       0.6937
      47       3.0932       0.5942
      48       4.3685       1.0403
      49       2.4994       0.6284
      50       3.3395       1.3752
      51       1.6799       0.3914
      52       1.8163       0.4262
      53       1.6867       0.3497
      54       1.9527       0.5479
      55       2.0789       0.6391
      56       2.3986       0.6354
      57       3.8829       0.8624
      58       4.7494       1.0960
      59       5.5652       1.3393
      60       3.7704       0.9576
      61       3.1731       0.7699
      62       4.4233       1.3295
      63       4.4661       1.3590
      64       2.7483       0.8963
      65       3.8525       1.1771
      66       4.9321       1.5039
      67       3.6307       1.3264
      68       2.5939       1.0256
      69       4.5758       1.8916
      70       2.2323       0.8452
      71       2.4724       0.7535
      72       2.1644       0.6724
      73       2.9200       0.7629
      74       4.9200       1.3293
      75       7.3597       3.3724
      76       5.8354       1.8809
      77      11.2352       3.4967
      78      12.4206       4.4949
      79      17.5060       3.9443
      80      19.5707       3.5616
      81      19.5670       4.1293
      82      18.5991       3.2738
      83      16.6417       2.9194
      84      12.1892       3.6058
      85      11.3337       2.9257
      86       7.1013       3.1902
      87       5.4546       1.5225
      88       3.8489       1.4937
      89       3.2235       0.7723
      90       2.0112       0.5003
      91       1.9140       0.5076
      92       2.6297       0.5214
      93       2.7319       0.4964
      94       2.9800       0.6274
      95       4.3845       0.7739
      96       2.7908       0.7063
      97       2.9158       0.6054
      98       1.7377       0.3992
      99       2.1455       0.5733
     100       2.6612       0.6757
     101       3.3151       0.5950
     102       2.1618       0.6279
     103       2.2932       0.7459
     104       3.7833       1.1944
     105       5.2609       1.8034
     106       6.4525       2.7268
     107       5.3258       1.0872
     108       3.7491       1.5637
     109       3.6244       1.5825
     110       3.1418       0.8261
     111       2.6336       0.6225
     112       2.4753       0.5886
     113       1.7502       0.4510
     114       1.9313       0.4790
     115       1.7583       0.4749
     116       2.2582       0.6234
     117       1.7012       0.4806
     118       2.4719       0.7936
     119       2.6695       1.1255
     120       3.0066       0.9125
     121       2.3478       0.6790
     122       2.8362       0.7069
     123       1.3819       0.3778
     124       1.1948       0.3323
     125       1.4465       0.3767
     126       1.5485       0.4606
     127       1.6021       0.3555
     128       1.4557       0.3819
     129       1.5184       0.4009
     130       2.0076       0.4634
     131       1.7351       0.5963
     132       1.7457       0.5830
     133       1.9455       0.5640
     134       1.9353       0.5527
     135       2.2920       0.4687
     136       2.9358       0.6855
     137       2.5238       0.6244
     138       3.2132       0.9174
     139       4.5600       1.2894
     140       2.9553       0.6935
     141       5.0435       1.2180
     142       2.2287       0.6409
     143       1.8090       0.5450
     144       1.7664       0.5190
     145       2.3673       0.7516
     146       2.9608       1.1409
     147       2.5763       0.6580
     148       2.5525       0.7185
     149       3.1280       1.1061
     150       3.4667       0.9062
     151       4.2046       3.0130
     152       5.6567       3.9042
     153       4.7710       3.1677
     154       3.8393       2.1301
     155       3.7753       1.5754
     156       3.8185       1.2297
     157       3.7290       2.2724
     158       7.1294       2.2516
     159       4.7632       3.5221
     160       8.0229       2.3160
     161       6.7054       1.8577
     162       8.6999       2.1831
     163       7.1566       1.7052
     164       6.5957       2.2761
     165       5.5019       1.5154
     166       5.8077       1.5859
     167       3.2540       0.9207
     168       4.3121       1.5688
     169       3.7965       1.1059
     170       4.3065       1.7131
     171       7.2302       1.4940
     172       5.4351       1.1175
     173       7.9484       1.2988
     174       7.0547       2.5097
     175       9.8241       3.0472
     176      10.7035       1.4181
     177       8.2611       1.9275
     178       8.7180       2.3527
     179       8.6230       2.3285
     180       6.2674       2.0831
     181       5.6456       1.3277
     182       5.1765       1.6754
     183       6.8933       2.3949
     184       6.6896       2.4193
     185       6.3393       1.7719
     186       4.5441       1.2239
     187       4.1993       1.5082
     188       5.1326       1.5611
     189       4.4782       1.0763
     190       4.7631       0.8803
     191       3.4015       0.6174
     192       3.4835       0.5360
     193       3.6723       0.6300
     194       3.0584       0.5006
     195       4.0789       0.5891
     196       4.2860       0.8575
     197       4.8275       1.1115
     198       6.1116       1.0221
     199       5.1220       0.9052
     200       5.0342       0.6931
     201       5.0941       0.8089
     202       6.2129       1.1608
     203       5.6019       0.9340
     204       4.3467       0.7387
     205       5.1532       0.8008
     206       6.2535       1.1033
     207       4.4921       0.6738
     208       4.1373       0.7166
     209       7.3611       1.5835
     210       6.2936       0.9060
     211       4.7982       0.9924
     212       5.4377       1.1711
     213       4.8602       1.0668
     214       6.3692       1.3425
     215       5.1585       0.7024
     216       5.6697       0.7434
     217       5.5436       0.7538
     218       5.0266       0.5431
     219       5.4839       0.5468
     220       7.6561       0.7022
     221       6.6633       0.6545
     222       6.3215       0.7084
     223       6.3265       0.5219
     224       6.9666       0.9513
     225       7.5728       0.9391
     226       5.7619       0.7620
     227       4.1523       0.6728
     228       5.3507       0.9011
     229       6.0471       1.1464
     230       5.2066       1.2491
     231       5.3170       0.9528
     232       5.9131       1.2483
     233       6.3629       1.0155
     234       5.0416       1.3273
     235       4.6892       0.7552
     236       4.4580       0.8856
     237       4.3205       0.9028
     238       4.2455       0.5940
     239       4.2699       0.5685
     240       3.7777       0.5501
     241       4.2650       0.7772
     242       4.1252       0.4945
     243       5.0097       0.5894
     244       3.7656       0.5065
     245       2.5024       0.4295
     246       4.5153       1.0273
     247       4.3630       0.8243
     248       3.9575       0.6531
     249       4.3596       0.6810
     250       3.5676       0.5900
     251       5.8917       0.8816
     252       4.2275       0.5017
     253       3.5293       0.6411
     254       3.0172       0.6311
     255       1.9727       0.4696
     256       2.5042       0.5292
     257       1.4799       0.4456
     258       2.6612       0.6330
     259       1.9125       0.3655
     260       3.8712       0.6003
     261       2.5005       0.5012
     262       2.6712       0.5816
     263       2.5905       0.5735
     264       1.9429       0.5962
     265       2.1909       0.5984
     266       1.9727       0.8902
     267       2.8411       1.5890
     268       4.5457       1.4302
     269       4.9365       1.7082
     270       4.0263       1.3448
     271       3.8592       1.1826
     272       3.8869       0.8219
     273       2.7201       0.5762
     274       1.4782       0.2954
     275       2.6887       0.8539
     276       2.1779       0.5238
     277       1.9240       0.4740
     278       2.3899       0.7093
     279       3.1925       0.8890
     280       2.9786       0.6724
     281       1.9914       0.4961
     282       2.2303       0.5043
     283       1.9714       0.5166
     284       1.9171       0.4750
     285       1.9236       0.5044
     286       1.8767       0.4172
     287       2.0096       0.4426
     288       1.8968       0.5018
     289       2.2355       0.6852
     290       1.8127       0.3824
     291       2.5417       0.5507
     292       1.9028       0.6374
     293       3.4074       0.6249
     294       3.3021       0.7698
     295       5.3831       1.7532
     296       6.9955       1.6402
     297       5.4653       1.4666
     298       6.7850       1.8784
     299       6.8907       1.8339
     300       6.7293       1.3399
     301       8.4035       1.4383
     302       6.9014       1.2648
     303       4.6677       0.7480
     304       2.7547       0.6894
     305       1.7615       0.5860
     306       1.9932       0.5305
     307       2.3401       0.6491
     308       2.6670       0.7054
     309       2.1635       0.8521
     310       2.4170       0.6199
     311       1.8569       0.4629
     312       3.1349       0.7219
     313       3.7351       0.8415
     314       2.3788       0.5045
     315       2.7214       0.6854
     316       2.4114       0.4697
     317       2.0408       0.6595
     318       2.7657       1.2798
     319       1.4996       0.5114
     320       1.9767       0.6985
     321       1.2993       0.4033
     322       1.6058       0.4255
     323       1.1188       0.3689
     324       1.2134       0.3359
     325       1.8422       0.4427
     326       1.7810       0.6029
     327       1.8488       0.5808
     328       2.3948       0.4564
     329       1.2241       0.4085
     330       0.9662       0.3305
     331       1.8948       0.5828
     332       4.8750       1.3550
     333       3.2388       0.7074
     334       3.7047       1.3103
     335       3.7870       1.1685
     336       4.0728       1.5389
     337       4.2138       1.1241
     338       4.6120       1.5131
     339       2.0809       0.7300
     340       3.2179       0.7178
     341       2.3434       0.7172
     342       2.5738       1.2798
     343       2.8150       1.0177
     344       2.9851       0.9615
     345       1.8892       0.5659
     346       3.2929       1.4220
     347       2.3779       0.6992
     348       2.2091       0.4385
     349       3.2381       0.5688
     350       5.8172       1.1243
     351       5.8797       1.3986
     352       8.1927       2.0802
     353       9.3506       3.3067
     354       6.6901       1.3183
     355       5.1628       0.7087
     356       2.2288       0.5115
     357       2.8124       0.6624
     358       1.4895       0.3935
     359       5.1200       1.5956
     360       1.9319       0.8058
     361       3.2065       0.9157
     362       2.3070       0.8516
     363       3.2035       0.7988
     364       2.8041       0.7197
     365       1.6820       0.5688
     366       2.5494       0.2120
     367       2.1388       0.5791
     368       2.5095       0.5331
     369       1.9781       0.5566
     370       2.3483       0.8238
     371       6.1879       0.6974
     372       3.0766       0.7197
     373       1.8692       0.5354
     374       2.2315       0.5446
     375       1.9672       0.5109
     376       1.4965       0.4083
     377       1.5553       0.4408
     378       1.2091       0.3660
     379       1.6170       0.4430
     380       1.3603       0.4180
     381       1.5330       0.4107
     382       2.3029       0.5410
     383       1.7645       0.4331
     384       1.3180       0.3614
     385       1.6808       0.4237
     386       1.9142       0.4972
     387       1.8166       0.5671
     388       2.3170       0.5937
     389       2.2653       0.5583
     390       2.0357       0.5985
     391       5.0281       0.8682
     392       2.7486       0.6298
     393       2.4498       0.5857
     394       4.4096       0.8288
     395       2.0880       0.4279
     396       2.6631       0.4901
     397       3.6458       0.6101
     398       3.9844       0.8502
     399       3.0952       0.8104
     400       4.3840       1.0273
     401       6.4597       2.1179
     402       3.7495       1.0303
     403       3.1288       0.6562
     404       4.3287       0.8594
     405       4.4460       0.9836
     406       5.2867       1.4011
     407       6.5519       1.0398
     408       6.2499       1.2017
     409       7.1734       2.9861
     410       7.8319       1.9725
     411       6.2553       1.6609
     412       5.9568       1.2005
     413       5.5079       1.5457
     414       4.9832       0.8056
     415       7.6164       1.4798
     416       4.5155       1.7410
     417       6.2354       2.5696
     418       5.5152       2.4781
     419       4.5842       2.1621
     420       6.3219       1.7597
     421       6.7588       1.6789
     422       4.9730       1.1068
     423       5.9670       1.3413
     424       3.6879       0.7554
     425       4.0192       0.8880
     426       2.5937       0.5291
     427       3.7356       0.8524
     428       1.8076       0.4089
     429       3.9111       0.7035
     430       1.9242       0.4533
     431       2.0798       0.4993
     432       2.0180       0.3932
     433       2.9438       0.5794
     434       5.1187       1.1810
     435       5.2765       0.7610
     436       5.1462       0.6819
     437       6.2652       1.0724
     438       5.8482       1.0470
     439       3.9616       0.5837
     440       4.8561       0.7215
     441       7.7795       1.1240
     442       3.7973       0.6038
     443       3.1430       0.5035
     444       4.5422       0.9407
     445       3.4406       0.6317
     446       2.3156       0.5005
     447       3.1108       0.5614
     448       3.4352       0.7011
     449       2.8590       0.8156
     450       4.7554       1.3783
     451       3.3856       0.6077
