#Residue      AvgRMSD        Stdev
       1       8.3626       3.3108
       2       7.0621       1.6589
       3       7.4897       1.5825
       4       4.6039       1.9563
       5       5.0477       1.9727
       6       3.9040       1.1965
       7       3.0155       0.7937
       8       3.0504       0.7871
       9       2.3150       0.9079
      10       2.8542       0.7136
      11       1.5235       0.4906
      12       1.9325       0.5006
      13       1.6341       0.5871
      14       2.2756       0.6932
      15       2.1854       0.5795
      16       2.1302       0.4982
      17       2.3827       0.6829
      18       2.2318       0.5819
      19       1.2729       0.4775
      20       1.4594       0.4797
      21       1.1681       0.4932
      22       1.2792       0.4233
      23       1.5609       0.3506
      24       2.0946       0.3828
      25       3.3314       0.5770
      26       2.2274       0.3845
      27       2.0926       0.4213
      28       1.8677       0.3602
      29       1.7235       0.5636
      30       1.8497       0.4167
      31       2.3864       0.4460
      32       2.2836       0.5196
      33       2.2610       0.6649
      34       2.3141       0.5950
      35       1.9516       0.4052
      36       1.5012       0.3450
      37       1.0264       0.2834
      38       1.0534       0.3572
      39       1.2615       0.3671
      40       1.0456       0.2817
      41       0.8415       0.3038
      42       1.0020       0.3431
      43       1.0229       0.3691
      44       0.9040       0.3334
      45       1.0968       0.4148
      46       1.4660       0.5550
      47       1.4380       0.5115
      48       1.1099       0.4266
      49       1.1036       0.3604
      50       1.0052       0.3434
      51       0.8221       0.2626
      52       0.6946       0.2373
      53       0.5414       0.1908
      54       1.0060       0.2355
      55       1.0877       0.2438
      56       1.3625       0.3165
      57       1.9696       0.3887
      58       2.7595       0.4815
      59       2.7261       0.4997
      60       2.0092       0.3378
      61       1.9075       0.3701
      62       2.4499       0.4564
      63       2.4046       0.4514
      64       1.7310       0.3441
      65       1.9794       0.5099
      66       2.6562       0.6707
      67       2.5059       0.6136
      68       1.5734       0.4052
      69       1.2565       0.5860
      70       1.2752       0.6186
      71       1.1261       0.3941
      72       1.2618       0.4779
      73       0.9317       0.4687
      74       1.2893       0.5553
      75       1.3309       0.5638
      76       1.8230       0.5155
      77       2.1690       0.6163
      78       2.9036       0.8280
      79       2.8219       0.7552
      80       2.2837       0.7410
      81       1.7040       0.8082
      82       1.8256       0.5997
      83       1.7781       0.7665
      84       1.6265       0.5141
      85       3.4925       0.9327
      86       2.8671       0.8693
      87       1.4525       0.7479
      88       0.8377       0.3881
      89       1.1890       0.4751
      90       0.7247       0.2824
      91       0.7870       0.2809
      92       0.8739       0.3224
      93       1.6834       0.3409
      94       1.2199       0.2496
      95       1.2733       0.2336
      96       1.0755       0.2788
      97       1.4131       0.2969
      98       0.8929       0.2528
      99       0.8500       0.2567
     100       1.2997       0.3105
     101       1.4509       0.3459
     102       1.3196       0.3366
     103       1.4741       0.3404
     104       1.7508       0.5803
     105       2.0672       0.9320
     106       1.6929       0.8982
     107       2.6284       0.6768
     108       1.7376       0.4775
     109       1.9438       0.5866
     110       1.4011       0.6662
     111       0.9669       0.3818
     112       0.9892       0.3895
     113       0.7752       0.2829
     114       0.8803       0.2486
     115       0.9278       0.2624
     116       2.3279       0.2999
     117       2.5137       0.3171
     118       2.7250       0.2423
     119       3.0536       0.4057
     120       1.3222       0.4045
     121       1.3279       0.3233
     122       1.5211       0.3116
     123       0.7639       0.3199
     124       0.6193       0.2917
     125       0.5038       0.2190
     126       0.5863       0.2195
     127       0.5292       0.2164
     128       0.7019       0.2232
     129       0.8964       0.2753
     130       1.2756       0.2791
     131       1.5284       0.3192
     132       1.2177       0.3016
     133       0.6558       0.2811
     134       1.1912       0.2762
     135       1.3472       0.3409
     136       1.1588       0.3369
     137       1.0156       0.3846
     138       1.3064       0.4548
     139       1.3250       0.5381
     140       1.4309       0.5597
     141       1.5157       0.5899
     142       1.2364       0.4217
     143       0.9551       0.3355
     144       1.1292       0.2677
     145       1.3605       0.2835
     146       2.0588       0.3344
     147       2.4028       0.3394
     148       2.6828       0.4262
     149       2.6592       0.4800
     150       4.4089       0.8953
     151       4.4460       1.0463
     152       3.4413       0.6850
     153       1.6418       0.5796
     154       2.2480       0.5726
     155       1.5254       0.3324
     156       1.5578       0.3044
     157       1.5616       0.3095
     158       1.7844       0.3209
     159       1.8777       0.3402
     160       1.2919       0.3299
     161       1.6271       0.3216
     162       2.0089       0.4598
     163       1.7001       0.3915
     164       1.5783       0.5718
     165       1.4790       0.4172
     166       1.3366       0.5175
     167       1.3716       0.5002
     168       1.4823       0.5425
     169       1.5123       0.3808
     170       1.5281       0.3857
     171       1.7863       0.4739
     172       1.5771       0.4691
     173       2.1655       0.7193
     174       3.0012       1.0876
     175       3.1308       1.3080
     176       3.2800       0.7839
     177       2.6068       0.6375
     178       2.6732       1.0871
     179       2.6089       1.2255
     180       2.1667       1.0310
     181       1.4809       0.5824
     182       1.3719       0.7535
     183       1.0140       0.5391
     184       1.3219       0.4214
     185       1.6630       0.5508
     186       1.4532       0.6034
     187       1.1276       0.4181
     188       1.3363       0.5845
     189       1.8412       0.4387
     190       2.0068       0.4226
     191       1.4766       0.3254
     192       1.6274       0.2923
     193       1.6956       0.2720
     194       1.7035       0.2512
     195       1.9044       0.3051
     196       3.0684       0.5439
     197       3.6458       0.7070
     198       3.9205       0.8124
     199       3.8447       0.8307
     200       3.1754       0.5141
     201       2.9827       0.4825
     202       3.3526       0.6220
     203       3.3913       0.6447
     204       2.3847       0.4411
     205       2.7561       0.5130
     206       3.8422       0.6517
     207       2.9639       0.5573
     208       2.3656       0.5387
     209       3.3776       0.6952
     210       3.9480       0.8076
     211       3.4930       0.7703
     212       3.5859       0.7635
     213       2.6826       0.6198
     214       3.3835       0.6412
     215       2.9974       0.5081
     216       2.9496       0.4441
     217       3.0456       0.4330
     218       2.5210       0.4119
     219       2.6278       0.4138
     220       2.8586       0.5012
     221       3.3750       0.5714
     222       3.4430       0.5883
     223       2.8777       0.4697
     224       3.2338       0.6175
     225       3.9455       0.7159
     226       3.7795       0.5968
     227       3.1852       0.5343
     228       3.5378       0.5648
     229       3.4608       0.6484
     230       2.5250       0.6570
     231       3.0707       0.6268
     232       3.9110       0.7165
     233       3.9525       0.7072
     234       3.7220       0.8797
     235       3.3166       0.6551
     236       2.5287       0.4968
     237       2.1997       0.3914
     238       2.2501       0.3427
     239       2.2615       0.3402
     240       2.1067       0.3237
     241       2.0318       0.3160
     242       2.3304       0.3603
     243       3.0524       0.5547
     244       2.5964       0.3972
     245       1.1867       0.2807
     246       1.9136       0.5194
     247       2.2376       0.4844
     248       2.7075       0.5820
     249       2.8567       0.6426
     250       2.7068       0.5820
     251       3.1619       0.9000
     252       2.3419       0.5156
     253       1.6266       0.4888
     254       1.0598       0.3094
     255       0.8406       0.2432
     256       0.8666       0.2021
     257       0.9125       0.2027
     258       1.2638       0.3330
     259       1.3782       0.2726
     260       1.7193       0.3363
     261       1.4447       0.5010
     262       1.5552       0.5213
     263       1.6320       0.4860
     264       1.1307       0.3579
     265       1.1451       0.4216
     266       1.3221       0.4607
     267       2.0770       0.5554
     268       3.3662       0.8028
     269       3.9437       1.0004
     270       3.8868       1.0016
     271       3.4762       0.8523
     272       2.5740       0.6314
     273       1.5374       0.4139
     274       0.6215       0.2369
     275       0.6467       0.3499
     276       1.1100       0.5665
     277       1.3891       0.6358
     278       2.1425       0.7592
     279       2.0757       0.7304
     280       1.8686       0.3867
     281       1.3675       0.2807
     282       1.4584       0.3156
     283       1.4060       0.3203
     284       1.2896       0.3018
     285       1.2349       0.3156
     286       1.2471       0.3312
     287       1.2478       0.2866
     288       1.1126       0.2805
     289       1.0013       0.2685
     290       1.0168       0.2670
     291       1.1680       0.2687
     292       1.2902       0.3038
     293       1.2795       0.3410
     294       1.2831       0.3101
     295       2.4290       0.3871
     296       2.6842       0.5546
     297       3.5011       0.5802
     298       3.4830       1.0811
     299       3.4234       0.9097
     300       2.6356       0.5913
     301       2.3388       0.6695
     302       2.0935       0.5744
     303       1.4199       0.5933
     304       1.1744       0.5101
     305       0.8883       0.3693
     306       0.9114       0.2508
     307       0.8731       0.2666
     308       1.0875       0.3313
     309       1.6065       0.4774
     310       1.5353       0.4107
     311       1.2398       0.3300
     312       1.6653       0.3761
     313       1.7287       0.4877
     314       1.1868       0.3817
     315       1.3968       0.3391
     316       1.1707       0.3472
     317       1.3450       0.3856
     318       1.2121       0.3825
     319       1.0957       0.3715
     320       1.2332       0.3083
     321       1.2908       0.3202
     322       0.8787       0.2713
     323       0.6432       0.2588
     324       1.0634       0.2936
     325       1.0900       0.2768
     326       0.6623       0.2493
     327       0.9231       0.2631
     328       1.3690       0.3015
     329       1.2995       0.2966
     330       1.2196       0.3189
     331       1.4207       0.3589
     332       2.1409       0.4265
     333       2.4413       0.6106
     334       4.6655       1.2510
     335       4.4189       1.1652
     336       4.4918       1.1890
     337       4.0767       0.9878
     338       3.3642       0.6364
     339       1.2715       0.3866
     340       1.6825       0.3352
     341       1.2715       0.3148
     342       1.4579       0.3349
     343       2.5600       0.5142
     344       2.1834       0.4328
     345       1.1110       0.3221
     346       1.5660       0.3702
     347       1.8322       0.4739
     348       1.1268       0.3424
     349       1.8944       0.3961
     350       1.5124       0.4717
     351       2.6794       0.3533
     352       2.0375       0.4658
     353       0.9347       0.3862
     354       1.1234       0.4049
     355       0.9089       0.3232
     356       0.8466       0.2879
     357       0.8123       0.3026
     358       1.1339       0.3427
     359       1.2909       0.5120
     360       1.3962       0.4372
     361       0.9906       0.4715
     362       0.7118       0.3188
     363       0.7961       0.3514
     364       0.8544       0.3591
     365       0.6698       0.2634
     366       0.5786       0.2351
     367       0.8950       0.2727
     368       1.0005       0.3211
     369       0.9720       0.3235
     370       1.1590       0.3336
     371       1.5144       0.3991
     372       1.5439       0.4481
     373       1.3546       0.3874
     374       1.3479       0.4025
     375       1.0640       0.3340
     376       0.8453       0.2928
     377       0.6152       0.2090
     378       0.5164       0.2074
     379       0.6240       0.2503
     380       0.7291       0.2701
     381       0.5036       0.2182
     382       0.7561       0.2759
     383       0.8665       0.3100
     384       0.6983       0.2691
     385       1.2250       0.3436
     386       1.5721       0.4017
     387       1.3910       0.4276
     388       1.2621       0.4283
     389       0.9479       0.4437
     390       1.0427       0.4266
     391       1.4209       0.4705
     392       1.7166       0.5667
     393       1.9795       0.5033
     394       3.2039       0.5353
     395       2.3789       0.3957
     396       2.1971       0.3643
     397       3.1739       0.4263
     398       3.3777       0.4728
     399       2.8361       0.4296
     400       3.7548       0.5770
     401       4.4605       0.7307
     402       3.6448       0.7762
     403       3.1043       0.5930
     404       3.4423       0.5063
     405       3.4325       0.5018
     406       3.7507       0.6072
     407       3.9677       0.6253
     408       4.2361       0.9194
     409       4.2025       1.1135
     410       4.1883       0.9301
     411       4.1007       0.7195
     412       3.8319       0.5767
     413       3.9298       0.6590
     414       4.5440       0.5995
     415       3.9427       0.7430
     416       2.9546       0.8230
     417       2.1595       0.7483
     418       2.2390       0.6886
     419       3.2863       0.9131
     420       4.3866       0.8948
     421       4.7950       0.8347
     422       4.1259       0.6727
     423       3.8313       0.5597
     424       3.1093       0.4147
     425       3.0109       0.3969
     426       2.1581       0.3255
     427       2.1554       0.3215
     428       1.4690       0.3306
     429       1.9507       0.4329
     430       0.9824       0.3801
     431       1.1492       0.3659
     432       1.4517       0.3351
     433       1.7580       0.4210
     434       2.6380       0.5714
     435       3.2167       0.8554
     436       3.2412       0.6509
     437       4.0425       0.6106
     438       3.9614       0.5715
     439       2.9372       0.4612
     440       3.0365       0.4195
     441       3.7725       0.4821
     442       3.1523       0.4208
     443       2.4837       0.3712
     444       3.0278       0.4097
     445       3.1022       0.4571
     446       2.3502       0.4097
     447       2.4594       0.4043
     448       2.7103       0.5892
     449       2.5842       0.7831
     450       2.8180       0.7438
     451       2.7333       0.8591
