#Residue      AvgRMSD        Stdev
       1       2.5149       0.1783
       2       2.5486       0.1515
       3       3.5052       0.1199
       4       3.0132       0.1607
       5       2.6258       0.0908
       6       1.7110       0.0741
       7       1.1716       0.1777
       8       1.2338       0.0738
       9       1.4606       0.0641
      10       1.5900       0.0660
      11       1.4438       0.1425
      12       1.1998       0.0737
      13       1.6595       0.0555
      14       0.5884       0.0495
      15       0.9694       0.0661
      16       1.0908       0.0753
      17       1.4008       0.0596
      18       1.0725       0.0586
      19       2.0704       0.0375
      20       1.4290       0.0604
      21       0.7907       0.0611
      22       0.8421       0.0387
      23       0.9761       0.0808
      24       0.7655       0.1173
      25       0.9081       0.1172
      26       0.6925       0.1585
      27       1.0399       0.1376
      28       1.4946       0.0827
      29       1.3270       0.0894
      30       1.1446       0.0653
      31       0.9193       0.0753
      32       0.7957       0.0470
      33       1.0509       0.0676
      34       0.7355       0.0541
      35       1.5872       0.0460
      36       0.8146       0.0757
      37       0.8076       0.0723
      38       1.0115       0.0786
      39       1.0819       0.0629
      40       0.9254       0.0791
      41       0.8624       0.0754
      42       1.9112       0.0648
      43       0.7625       0.0521
      44       0.6218       0.0699
      45       0.6669       0.0752
      46       1.1437       0.1187
      47       1.2445       0.0606
      48       1.3099       0.0755
      49       0.6420       0.0767
      50       0.6896       0.0432
      51       0.5781       0.0605
      52       0.4417       0.0718
      53       0.5208       0.0736
      54       0.6746       0.1194
      55       0.5281       0.0600
      56       1.0827       0.0827
      57       1.0510       0.0577
      58       1.1921       0.0521
      59       0.6685       0.0733
      60       0.7923       0.0615
      61       0.7144       0.0650
      62       0.7115       0.0686
      63       0.7818       0.0626
      64       1.0615       0.1277
      65       1.0643       0.0576
      66       0.9241       0.0821
      67       0.5842       0.0458
      68       0.5200       0.0609
      69       1.6473       0.0869
      70       1.5664       0.0913
      71       1.0406       0.0680
      72       0.9545       0.0655
      73       1.0802       0.0783
      74       1.9619       0.0812
      75       1.3846       0.0946
      76       0.9982       0.0585
      77       1.4475       0.2281
      78       1.2256       0.1158
      79       0.9666       0.0889
      80       0.9525       0.0907
      81       2.4350       0.0591
      82       3.6628       0.0876
      83       2.4880       0.0711
      84       1.3568       0.0741
      85       1.8001       0.1072
      86       1.8331       0.0890
      87       2.9494       0.0750
      88       0.6177       0.0522
      89       0.5960       0.1216
      90       0.4347       0.0820
      91       0.9782       0.0374
      92       0.6484       0.0801
      93       0.4189       0.0877
      94       0.6954       0.0564
      95       0.7576       0.0572
      96       1.0197       0.1268
      97       0.7374       0.0944
      98       0.8415       0.0849
      99       0.4279       0.1587
     100       0.5449       0.0465
     101       1.1361       0.0953
     102       1.3392       0.1069
     103       0.5412       0.0938
     104       0.7731       0.0608
     105       1.2403       0.0938
     106       3.2918       0.0988
     107       2.4754       0.2138
     108       2.0043       0.1434
     109       1.0547       0.0741
     110       1.7331       0.1484
     111       0.5938       0.0743
     112       0.3617       0.0885
     113       0.3100       0.0562
     114       0.5480       0.0566
     115       0.6492       0.0892
     116       1.3146       0.0889
     117       1.7734       0.0883
     118       2.2853       0.1028
     119       1.2247       0.1241
     120       0.8242       0.0617
     121       2.2137       0.1010
     122       1.3007       0.1775
     123       0.9755       0.0590
     124       0.4598       0.0829
     125       0.8169       0.0745
     126       0.7375       0.1619
     127       0.5581       0.2026
     128       0.7338       0.1581
     129       0.7616       0.1896
     130       0.7146       0.2560
     131       0.8189       0.3006
     132       0.9055       0.2186
     133       0.5584       0.1131
     134       1.6255       0.2190
     135       2.0507       0.2526
     136       1.3084       0.0688
     137       0.5940       0.0820
     138       0.8278       0.0482
     139       1.1108       0.0868
     140       0.3209       0.0692
     141       0.4426       0.0639
     142       0.3408       0.0594
     143       0.3470       0.0625
     144       0.6451       0.0674
     145       0.8905       0.0553
     146       0.5730       0.0630
     147       1.3557       0.0414
     148       0.8688       0.0965
     149       0.9540       0.0979
     150       1.3821       0.1280
     151       0.7068       0.0778
     152       1.0422       0.0892
     153       1.2747       0.1259
     154       0.9553       0.0680
     155       0.8259       0.0786
     156       0.7570       0.0939
     157       0.6898       0.0760
     158       0.7662       0.0600
     159       0.6946       0.0868
     160       1.1608       0.0807
     161       0.9897       0.0986
     162       1.1206       0.1024
     163       1.7036       0.1092
     164       1.1846       0.0766
     165       0.9969       0.0741
     166       1.0239       0.1300
     167       0.9353       0.0719
     168       0.9566       0.1277
     169       1.1227       0.0692
     170       2.5172       0.0723
     171       1.0830       0.1347
     172       0.7871       0.0653
     173       1.0832       0.1031
     174       2.4925       0.0718
     175       1.2671       0.0781
     176       1.4016       0.0590
     177       1.4120       0.1654
     178       1.4411       0.0910
     179       1.0398       0.1865
     180       0.7981       0.1019
     181       0.8308       0.0723
     182       0.7727       0.0690
     183       0.6957       0.0842
     184       0.8629       0.0718
     185       1.2704       0.1157
     186       0.8634       0.0888
     187       0.7535       0.0788
     188       0.7982       0.0494
     189       1.1047       0.0811
     190       0.9445       0.0956
     191       0.7101       0.0421
     192       0.5701       0.0714
     193       0.6382       0.0593
     194       0.8337       0.0665
     195       1.4853       0.0812
     196       0.9384       0.0583
     197       1.2271       0.0769
     198       1.7811       0.0786
     199       1.5487       0.0486
     200       1.2813       0.0762
     201       1.8736       0.0997
     202       1.5897       0.0536
     203       2.1601       0.0518
     204       1.3917       0.0883
     205       1.1974       0.0782
     206       3.1441       0.0508
     207       1.4118       0.0543
     208       1.2633       0.0962
     209       1.6623       0.0663
     210       1.8896       0.0688
     211       1.9891       0.0884
     212       1.3950       0.0895
     213       1.1725       0.0771
     214       1.3444       0.1330
     215       1.4998       0.0911
     216       1.3348       0.0728
     217       1.8847       0.0529
     218       1.3883       0.0496
     219       1.5173       0.0593
     220       1.8027       0.0616
     221       2.5154       0.0693
     222       2.2235       0.0829
     223       0.9807       0.0729
     224       0.9849       0.0710
     225       1.3988       0.0829
     226       1.2260       0.0741
     227       1.1744       0.0494
     228       1.0464       0.0997
     229       1.6744       0.0646
     230       0.9403       0.0722
     231       1.3154       0.0546
     232       1.6136       0.0999
     233       1.2846       0.1448
     234       0.8798       0.1004
     235       0.8980       0.0829
     236       0.8964       0.0889
     237       1.0633       0.0795
     238       1.1305       0.0937
     239       1.0965       0.0783
     240       1.2095       0.0535
     241       1.1553       0.0603
     242       1.0592       0.0536
     243       1.1623       0.0629
     244       1.1724       0.0540
     245       1.4655       0.0658
     246       1.1477       0.0700
     247       0.9193       0.0700
     248       0.7156       0.0658
     249       0.8312       0.0715
     250       0.8612       0.0603
     251       1.5056       0.1005
     252       1.0169       0.1846
     253       1.1775       0.0966
     254       0.5816       0.0575
     255       0.6117       0.0510
     256       0.4150       0.0517
     257       0.7024       0.0600
     258       0.8186       0.0697
     259       0.9295       0.0746
     260       1.6103       0.0805
     261       1.5332       0.0765
     262       1.0429       0.1155
     263       1.1270       0.0679
     264       0.4619       0.0557
     265       0.7502       0.0830
     266       0.3825       0.0827
     267       0.5328       0.0627
     268       1.3888       0.0697
     269       2.9040       0.0577
     270       1.3530       0.0680
     271       1.3228       0.0967
     272       0.9390       0.0552
     273       0.9815       0.0585
     274       0.6770       0.0860
     275       0.8229       0.0696
     276       0.7137       0.0559
     277       0.6127       0.0989
     278       0.4913       0.0558
     279       1.4073       0.0879
     280       1.5025       0.0557
     281       1.2495       0.1009
     282       1.7609       0.0940
     283       1.5301       0.0695
     284       1.1464       0.0787
     285       0.9363       0.0567
     286       1.5431       0.0721
     287       0.9735       0.0724
     288       0.3662       0.0604
     289       0.9017       0.0526
     290       0.9434       0.0517
     291       0.9054       0.0591
     292       0.4789       0.0652
     293       1.5430       0.0562
     294       1.2237       0.0757
     295       1.1131       0.0634
     296       0.8748       0.0648
     297       1.1766       0.2047
     298       1.1023       0.0976
     299       1.7898       0.1393
     300       1.7792       0.0356
     301       1.5116       0.0531
     302       1.8579       0.0988
     303       0.9268       0.0640
     304       0.9994       0.0544
     305       0.7639       0.0632
     306       0.7067       0.0946
     307       0.8779       0.0649
     308       1.4992       0.1222
     309       1.1600       0.0720
     310       1.5536       0.0605
     311       1.6667       0.0630
     312       2.2737       0.1003
     313       1.5146       0.0735
     314       0.7651       0.0648
     315       0.5616       0.0581
     316       0.7800       0.0606
     317       0.4965       0.0622
     318       0.5728       0.0741
     319       0.4486       0.0710
     320       0.4472       0.0671
     321       0.4413       0.0763
     322       0.7209       0.0689
     323       0.4698       0.0559
     324       0.3834       0.0667
     325       1.3430       0.0409
     326       0.6599       0.0637
     327       0.8737       0.0672
     328       0.7995       0.0529
     329       1.3012       0.0640
     330       0.5424       0.0536
     331       1.3665       0.0615
     332       1.5999       0.1429
     333       1.4616       0.0697
     334       1.3866       0.0872
     335       0.8789       0.1133
     336       0.7830       0.2159
     337       1.0147       0.1020
     338       1.8145       0.0703
     339       1.4144       0.1191
     340       2.0188       0.0763
     341       0.9439       0.1084
     342       0.7185       0.0715
     343       0.5810       0.0766
     344       0.7431       0.0866
     345       0.5640       0.0665
     346       1.0184       0.0699
     347       1.7902       0.0686
     348       2.3225       0.0591
     349       2.6415       0.0756
     350       3.1451       0.1204
     351       3.7205       0.0950
     352       2.9040       0.0896
     353       1.8432       0.0661
     354       1.3526       0.0603
     355       1.6494       0.0568
     356       0.9030       0.0615
     357       1.9299       0.0844
     358       1.2053       0.1114
     359       1.3704       0.0769
     360       1.5143       0.2174
     361       2.3825       0.1016
     362       1.3834       0.0694
     363       1.2567       0.1698
     364       1.8301       0.1490
     365       1.4816       0.0820
     366       1.2200       0.0626
     367       1.5413       0.0854
     368       1.1391       0.0929
     369       0.9529       0.0801
     370       1.0101       0.0740
     371       1.8366       0.0899
     372       1.0972       0.0706
     373       0.9969       0.0914
     374       1.2499       0.0797
     375       1.0259       0.1522
     376       0.6523       0.0786
     377       0.8844       0.0818
     378       0.6460       0.0576
     379       0.6107       0.0774
     380       0.8167       0.0623
     381       0.8948       0.0609
     382       1.3470       0.0509
     383       0.8403       0.0901
     384       0.7042       0.0790
     385       0.8654       0.0603
     386       0.8520       0.0601
     387       1.2686       0.0935
     388       1.0060       0.1015
     389       1.4902       0.0796
     390       1.0006       0.0834
     391       1.8614       0.0722
     392       1.1164       0.0743
     393       0.7443       0.0673
     394       1.9507       0.0686
     395       1.1170       0.1042
     396       1.1755       0.0645
     397       1.3745       0.0823
     398       0.8062       0.0657
     399       0.4602       0.0617
     400       0.9353       0.0498
     401       1.5530       0.0494
     402       1.8736       0.0623
     403       0.7475       0.0588
     404       1.5317       0.0916
     405       1.3955       0.0769
     406       2.8063       0.1288
     407       1.9358       0.0817
     408       1.8555       0.0795
     409       2.8034       0.0652
     410       2.0391       0.0899
     411       1.7055       0.0695
     412       1.4985       0.0778
     413       1.7307       0.0758
     414       2.9840       0.1296
     415       1.3412       0.0889
     416       1.7182       0.1262
     417       1.9874       0.0601
     418       2.6723       0.0652
     419       1.2035       0.0815
     420       1.9375       0.0726
     421       2.3536       0.0620
     422       1.8149       0.0606
     423       1.4834       0.0700
     424       1.0534       0.0726
     425       1.1349       0.0665
     426       1.0254       0.0710
     427       0.8841       0.0570
     428       0.6002       0.0725
     429       0.8170       0.0790
     430       0.7105       0.0754
     431       0.9304       0.0640
     432       0.7430       0.0562
     433       0.6072       0.0792
     434       1.3030       0.0713
     435       1.4021       0.0720
     436       2.7367       0.1055
     437       3.0026       0.1882
     438       1.8257       0.1162
     439       1.8574       0.1101
     440       1.7087       0.0971
     441       1.9117       0.0863
     442       1.4389       0.0741
     443       1.1518       0.0659
     444       1.4038       0.0755
     445       0.8784       0.0528
     446       0.9959       0.0616
     447       1.1882       0.0754
     448       1.2558       0.0726
     449       0.9681       0.0814
     450       1.4662       0.0891
     451       1.2190       0.0579
