#Residue      AvgRMSD        Stdev
       1       3.3898       0.7832
       2       3.3312       0.6709
       3       3.5111       0.6775
       4       3.4028       0.6107
       5       3.0287       0.4752
       6       2.6483       0.3767
       7       2.3858       0.3512
       8       2.6997       0.4070
       9       2.3562       0.4741
      10       1.9935       0.4456
      11       1.3856       0.3099
      12       1.7778       0.4152
      13       1.6529       0.5209
      14       1.6517       0.5203
      15       1.6080       0.4626
      16       1.5673       0.5424
      17       1.6852       0.4713
      18       1.5816       0.3137
      19       1.3685       0.2124
      20       1.4200       0.2212
      21       1.1119       0.2002
      22       0.8619       0.2225
      23       0.8074       0.2355
      24       0.9999       0.2504
      25       1.0660       0.2216
      26       0.7227       0.2009
      27       1.2575       0.2330
      28       1.3481       0.2186
      29       1.1712       0.2660
      30       0.7069       0.2241
      31       0.8883       0.2642
      32       0.7895       0.1993
      33       0.9648       0.1634
      34       1.0842       0.2403
      35       1.1349       0.2852
      36       0.9073       0.2136
      37       0.8965       0.1815
      38       1.3351       0.2454
      39       1.3188       0.2284
      40       0.7285       0.1745
      41       0.6577       0.2174
      42       0.8766       0.2841
      43       0.7845       0.2460
      44       0.4203       0.1748
      45       0.5873       0.2423
      46       0.7020       0.2680
      47       0.5659       0.2024
      48       0.4938       0.1953
      49       0.5299       0.2124
      50       0.8542       0.1971
      51       0.6096       0.1706
      52       0.4604       0.1633
      53       0.3820       0.1430
      54       0.7016       0.1319
      55       0.6704       0.1471
      56       1.2166       0.1501
      57       1.6099       0.1609
      58       2.3059       0.1819
      59       1.8310       0.1757
      60       1.4133       0.1715
      61       1.6508       0.1878
      62       1.8378       0.1910
      63       1.6644       0.1856
      64       1.5108       0.1972
      65       2.2743       0.2257
      66       2.6302       0.2654
      67       2.0869       0.2309
      68       1.7565       0.2330
      69       2.4740       0.3056
      70       2.4157       0.4562
      71       1.7266       0.3728
      72       1.7254       0.3761
      73       1.9271       0.2751
      74       2.2611       0.2859
      75       2.0843       0.2038
      76       2.1176       0.1858
      77       2.8517       0.2069
      78       3.4142       0.2900
      79       3.4364       0.2943
      80       3.0558       0.3020
      81       3.0530       0.5096
      82       3.0031       0.3814
      83       3.1822       0.5576
      84       2.1212       0.4385
      85       2.4914       0.5901
      86       2.4013       0.4442
      87       1.9328       0.5732
      88       1.5874       0.2912
      89       1.1190       0.2072
      90       0.9878       0.1896
      91       1.0226       0.1833
      92       1.1489       0.1597
      93       1.6915       0.1618
      94       1.0217       0.1462
      95       1.0567       0.1504
      96       0.6610       0.1759
      97       0.9100       0.1783
      98       0.6250       0.1439
      99       0.6742       0.1569
     100       0.9008       0.1713
     101       0.8537       0.1852
     102       0.8518       0.1626
     103       1.0962       0.1888
     104       0.5503       0.2336
     105       0.7752       0.2609
     106       1.1344       0.2530
     107       0.7735       0.2961
     108       1.4636       0.2539
     109       2.9352       0.2531
     110       2.6535       0.2374
     111       1.2953       0.2062
     112       0.8127       0.1847
     113       0.5963       0.1789
     114       0.7968       0.1932
     115       0.7972       0.2308
     116       1.8347       0.1994
     117       1.7951       0.1483
     118       1.8511       0.1299
     119       1.4686       0.1335
     120       0.8731       0.1568
     121       0.7614       0.1763
     122       1.1875       0.1676
     123       1.2961       0.1833
     124       0.6597       0.1602
     125       0.7760       0.1354
     126       0.8292       0.1535
     127       0.7842       0.1392
     128       0.6458       0.1601
     129       0.7876       0.1560
     130       0.8156       0.1606
     131       0.8881       0.1882
     132       0.9591       0.1856
     133       0.7338       0.1672
     134       0.7517       0.1675
     135       0.6683       0.1761
     136       0.9212       0.1768
     137       0.8370       0.1955
     138       1.1614       0.2256
     139       1.3527       0.2657
     140       1.5132       0.2164
     141       1.4203       0.2456
     142       1.0300       0.1900
     143       0.8303       0.2015
     144       0.9047       0.1723
     145       0.8879       0.2014
     146       0.9402       0.1773
     147       1.1628       0.1628
     148       1.0129       0.1502
     149       1.4664       0.1811
     150       0.9899       0.1808
     151       1.5408       0.2545
     152       1.1926       0.3026
     153       1.0456       0.5670
     154       0.6791       0.2388
     155       0.6946       0.2506
     156       0.9549       0.2842
     157       0.5091       0.1972
     158       0.4836       0.1960
     159       1.0634       0.2864
     160       1.0539       0.2449
     161       1.1500       0.2359
     162       1.4226       0.2377
     163       1.7948       0.2743
     164       1.1345       0.3036
     165       1.0660       0.2499
     166       0.6664       0.2105
     167       0.5016       0.1971
     168       0.4381       0.1779
     169       0.6464       0.2428
     170       0.6224       0.2242
     171       0.8108       0.2372
     172       0.7068       0.2264
     173       1.0014       0.2753
     174       1.4772       0.2581
     175       0.4731       0.1916
     176       1.3533       0.4451
     177       1.2872       0.3233
     178       1.7169       0.4794
     179       1.9257       0.4130
     180       1.6715       0.4398
     181       0.8081       0.2312
     182       0.5703       0.2459
     183       0.5635       0.2371
     184       0.6107       0.2230
     185       0.6634       0.2306
     186       0.7161       0.3034
     187       0.6831       0.3011
     188       0.9895       0.3887
     189       0.9202       0.2614
     190       0.9733       0.2011
     191       0.7447       0.1540
     192       0.9509       0.1434
     193       0.9176       0.1459
     194       0.9779       0.1555
     195       1.1723       0.1488
     196       3.3867       0.2218
     197       3.6483       0.2585
     198       3.9163       0.3279
     199       1.5722       0.2461
     200       1.2066       0.3054
     201       1.2962       0.2634
     202       1.6643       0.3297
     203       1.4447       0.3000
     204       0.8883       0.2048
     205       1.0817       0.2010
     206       1.7969       0.2838
     207       1.4058       0.2324
     208       0.9969       0.2473
     209       1.4712       0.2423
     210       2.2514       0.2949
     211       1.5442       0.5577
     212       1.4573       0.5856
     213       0.9479       0.2929
     214       1.3338       0.2540
     215       1.1747       0.2235
     216       1.5534       0.2592
     217       1.7413       0.3247
     218       1.8400       0.2315
     219       2.2099       0.2144
     220       2.3506       0.2639
     221       2.5783       0.3065
     222       2.5266       0.3265
     223       1.9645       0.2849
     224       2.6835       0.3664
     225       2.6888       0.3522
     226       2.6762       0.3146
     227       2.3791       0.2655
     228       2.3707       0.3497
     229       2.1110       0.3394
     230       1.7181       0.3084
     231       1.8800       0.3543
     232       2.3233       0.4018
     233       2.4962       0.3878
     234       1.6870       0.3846
     235       1.6285       0.2816
     236       1.0036       0.2205
     237       0.9550       0.1835
     238       1.1450       0.2073
     239       1.1124       0.2014
     240       1.3279       0.1611
     241       1.3523       0.1647
     242       1.5371       0.1633
     243       2.0990       0.1821
     244       1.7866       0.1482
     245       1.4175       0.1496
     246       1.6227       0.2074
     247       1.3580       0.1893
     248       1.5847       0.1770
     249       1.8500       0.1944
     250       1.2904       0.2873
     251       1.5122       0.4062
     252       1.3212       0.2260
     253       0.7795       0.1686
     254       0.6487       0.1369
     255       0.5814       0.1448
     256       0.5619       0.1803
     257       0.6964       0.2023
     258       0.7368       0.2007
     259       0.8281       0.2162
     260       0.7333       0.2004
     261       0.6863       0.1702
     262       1.8045       0.3359
     263       0.8356       0.1862
     264       1.1605       0.1926
     265       1.1080       0.2072
     266       0.8878       0.2249
     267       1.1205       0.3349
     268       1.4363       0.4102
     269       1.9444       0.6766
     270       2.0200       0.7863
     271       1.4477       0.4672
     272       0.9255       0.3018
     273       0.6146       0.2108
     274       0.9320       0.1867
     275       1.1052       0.2173
     276       1.1631       0.2357
     277       0.9587       0.2402
     278       1.2226       0.3245
     279       1.1389       0.2677
     280       0.5559       0.2021
     281       0.7264       0.2281
     282       0.6986       0.2438
     283       0.5314       0.1775
     284       0.4159       0.1819
     285       0.4078       0.1518
     286       0.6672       0.1578
     287       0.6731       0.1995
     288       0.5055       0.1796
     289       0.7368       0.1710
     290       1.2048       0.1948
     291       0.9765       0.1771
     292       1.2197       0.2058
     293       1.4496       0.1561
     294       1.4603       0.1691
     295       2.5822       0.1804
     296       2.9313       0.1659
     297       3.6565       0.3464
     298       3.9713       0.5896
     299       4.5643       0.5787
     300       2.4685       0.4334
     301       2.2412       0.4199
     302       1.9896       0.4367
     303       0.7400       0.2422
     304       0.5679       0.1625
     305       0.3877       0.1370
     306       0.4053       0.1656
     307       0.6288       0.1954
     308       0.7178       0.2476
     309       1.2559       0.4535
     310       0.8379       0.3302
     311       0.6858       0.2426
     312       0.5075       0.1903
     313       1.4349       0.2239
     314       0.9696       0.2671
     315       1.7280       0.2254
     316       1.3149       0.2122
     317       1.3461       0.2057
     318       1.0989       0.1804
     319       0.9865       0.1939
     320       0.8716       0.1851
     321       1.0724       0.1902
     322       0.9394       0.1864
     323       0.7375       0.1503
     324       0.8907       0.1426
     325       0.9636       0.2143
     326       1.0826       0.2385
     327       0.9084       0.1583
     328       0.9122       0.1662
     329       1.1024       0.2038
     330       1.0980       0.2247
     331       1.3049       0.2169
     332       1.8098       0.2770
     333       1.9447       0.2778
     334       3.1795       0.3666
     335       2.5479       0.4255
     336       2.5970       0.3775
     337       2.9566       0.2980
     338       2.1089       0.2689
     339       1.3339       0.2198
     340       0.7981       0.2385
     341       0.8117       0.2231
     342       0.7032       0.1775
     343       0.8893       0.2464
     344       0.7652       0.2020
     345       0.5223       0.1730
     346       0.9218       0.2453
     347       1.4285       0.3172
     348       1.0478       0.2806
     349       2.0068       0.3153
     350       3.0252       0.4824
     351       3.7733       0.4356
     352       2.2399       0.3892
     353       2.4204       0.3300
     354       3.1665       0.2996
     355       2.2672       0.3274
     356       0.9158       0.2401
     357       1.0302       0.2310
     358       1.2198       0.2877
     359       2.6555       0.3482
     360       2.6872       0.4074
     361       2.7056       0.3608
     362       1.8252       0.3047
     363       0.9932       0.2176
     364       2.0232       0.3248
     365       2.1471       0.2945
     366       1.3699       0.2193
     367       1.9782       0.3146
     368       2.2589       0.3024
     369       1.9131       0.2459
     370       1.8631       0.2118
     371       2.3165       0.2439
     372       2.7054       0.2873
     373       2.1118       0.2290
     374       1.9151       0.2204
     375       1.4252       0.2399
     376       1.0640       0.1900
     377       0.6972       0.1560
     378       0.7039       0.1424
     379       0.6882       0.1535
     380       0.9736       0.1988
     381       0.6735       0.1928
     382       0.7890       0.2101
     383       1.2111       0.2507
     384       1.1104       0.2565
     385       1.0275       0.2773
     386       1.6581       0.3116
     387       1.9969       0.3632
     388       2.2351       0.3407
     389       2.3336       0.3462
     390       2.3428       0.3220
     391       2.9134       0.3372
     392       2.9660       0.3117
     393       2.5894       0.2277
     394       3.0973       0.2424
     395       1.9902       0.2101
     396       1.9670       0.2124
     397       2.3776       0.2304
     398       2.2593       0.2354
     399       1.6911       0.2625
     400       2.1884       0.2908
     401       2.4661       0.3396
     402       1.4248       0.3004
     403       1.3286       0.2858
     404       1.9884       0.2886
     405       2.0689       0.2858
     406       2.6472       0.4887
     407       2.9997       0.5723
     408       3.3387       0.8881
     409       3.2159       0.9451
     410       3.2222       0.8376
     411       3.1423       0.6187
     412       2.9611       0.4045
     413       3.1349       0.3817
     414       3.3942       0.3387
     415       3.0957       0.4390
     416       2.5361       0.4262
     417       2.4475       0.5675
     418       2.3628       0.6946
     419       3.6346       0.6837
     420       3.5252       0.5590
     421       3.6844       0.4588
     422       3.1184       0.3475
     423       2.6808       0.3528
     424       2.2269       0.2361
     425       2.0168       0.2398
     426       1.5300       0.2249
     427       1.4260       0.2050
     428       0.7691       0.2195
     429       0.7067       0.2587
     430       0.9744       0.1681
     431       1.2404       0.1685
     432       1.4380       0.1707
     433       1.4082       0.1835
     434       1.7286       0.1800
     435       1.9860       0.2246
     436       3.4547       0.2430
     437       3.5971       0.2367
     438       3.7799       0.2304
     439       2.8177       0.2196
     440       2.7046       0.2235
     441       3.7068       0.2318
     442       3.0982       0.2054
     443       2.5138       0.2044
     444       2.9310       0.2012
     445       3.2185       0.2260
     446       2.7638       0.1950
     447       2.7743       0.1872
     448       3.3601       0.2446
     449       3.1241       0.3511
     450       3.4255       0.3809
     451       3.1684       0.2696
