#Residue      AvgRMSD        Stdev
       1       0.8185       0.3244
       2       0.8323       0.3022
       3       0.9054       0.2540
       4       0.6856       0.2417
       5       1.1063       0.3483
       6       1.1201       0.3979
       7       1.2274       0.4178
       8       3.3538       1.2789
       9       1.7449       0.6607
      10       0.9436       0.4300
      11       0.8241       0.3241
      12       0.9458       0.3234
      13       1.3959       0.4262
      14       2.9186       0.6238
      15       3.1347       0.9563
      16       2.2578       0.7131
      17       2.0221       0.7481
      18       2.1986       0.6816
      19       2.8887       0.8726
      20       1.4977       0.4246
      21       0.7630       0.2629
      22       1.3286       0.3296
      23       1.4288       0.3919
      24       1.1802       0.4006
      25       1.4484       0.5302
      26       1.2001       0.4714
      27       1.0279       0.3445
      28       1.1430       0.3787
      29       0.8627       0.3722
      30       1.0064       0.3198
      31       1.1978       0.3356
      32       1.2704       0.3509
      33       1.1231       0.3258
      34       0.9619       0.3415
      35       1.0576       0.3368
      36       1.0290       0.3883
      37       0.6266       0.2502
      38       0.7125       0.2776
      39       0.8115       0.3304
      40       1.1140       0.3842
      41       1.1193       0.4426
      42       0.6937       0.3051
      43       1.8663       0.4111
      44       0.9262       0.3832
      45       1.7103       0.3983
      46       2.1926       0.4445
      47       1.6951       0.5347
      48       0.7573       0.3464
      49       1.3054       0.4059
      50       1.9507       0.6059
      51       1.4944       0.5729
      52       0.7606       0.3025
      53       0.8396       0.2918
      54       0.8535       0.3112
      55       0.9741       0.3076
      56       0.6899       0.2581
      57       0.8734       0.3874
      58       0.9342       0.3642
      59       0.8254       0.2963
      60       0.7606       0.3021
      61       0.7894       0.3100
      62       0.7677       0.3103
      63       0.6729       0.2652
      64       0.6414       0.2473
      65       0.7555       0.3288
      66       0.8672       0.3491
      67       0.6814       0.2678
      68       0.6491       0.2475
      69       0.7936       0.3241
      70       0.7256       0.2908
      71       0.5672       0.2236
      72       0.6551       0.2660
      73       0.6682       0.2812
      74       0.6050       0.2516
      75       0.6322       0.2593
      76       0.8067       0.3455
      77       0.8860       0.4182
      78       0.7095       0.2914
      79       0.5636       0.2448
      80       0.7567       0.2507
      81       0.7835       0.2729
      82       0.6317       0.2373
      83       0.9198       0.3166
      84       0.9434       0.3536
      85       0.8671       0.3145
      86       1.2448       0.4028
      87       1.1916       0.3787
      88       0.6924       0.2591
      89       0.7037       0.2875
      90       0.8226       0.3565
      91       0.8586       0.2685
      92       0.7684       0.2367
      93       0.9470       0.2986
      94       1.4262       0.4276
      95       0.9972       0.3434
      96       0.6020       0.2490
      97       0.6030       0.2522
      98       0.7335       0.3154
      99       0.6264       0.2656
     100       1.5631       0.4460
     101       1.1918       0.4664
     102       2.8115       0.6516
     103       1.2384       0.4517
     104       1.1189       0.3275
     105       0.8320       0.3011
     106       0.6521       0.2852
     107       1.1148       0.3655
     108       1.4522       0.3827
     109       1.4102       0.4101
     110       1.6219       0.4990
     111       1.6225       0.4703
     112       1.7647       0.4816
     113       1.6730       0.4887
     114       1.6040       0.4334
     115       1.3202       0.4053
     116       1.2190       0.3811
     117       1.4202       0.4050
     118       1.0776       0.3095
     119       0.7457       0.2618
     120       1.0123       0.3214
     121       1.1157       0.3289
     122       0.8292       0.2537
     123       0.6541       0.2406
     124       0.9540       0.3117
     125       0.8753       0.2745
     126       0.7456       0.2558
     127       0.7092       0.2882
     128       0.7763       0.3183
     129       0.8182       0.2891
     130       0.8684       0.3161
     131       0.8955       0.2955
     132       0.6560       0.2703
     133       0.5903       0.2306
     134       0.7326       0.2291
     135       0.8931       0.2399
     136       0.8058       0.2220
     137       0.7263       0.2325
     138       1.2072       0.2674
     139       1.1918       0.2468
     140       1.6641       0.3209
     141       1.6920       0.3564
     142       2.7097       0.5861
     143       1.3515       0.3446
     144       0.6332       0.2473
     145       0.5476       0.2377
     146       0.6620       0.3029
     147       1.3569       0.4301
     148       3.2154       1.2217
     149       4.8397       1.1223
     150       4.9306       1.6933
     151       4.8670       1.4247
     152       5.0720       0.8648
     153       1.6308       0.5907
     154       1.2515       0.4482
     155       1.9015       0.5738
     156       2.4021       0.9650
     157       1.7930       0.5614
     158       1.5885       0.3808
     159       1.7436       0.4004
     160       1.5478       0.2963
     161       1.4643       0.2696
     162       0.7103       0.2239
     163       0.4095       0.1715
     164       0.3979       0.1637
     165       0.4396       0.1810
     166       0.4970       0.2012
     167       0.3903       0.1607
     168       0.3685       0.1543
     169       0.4025       0.1653
     170       0.4202       0.1717
     171       0.3989       0.1739
     172       0.6655       0.2483
     173       0.5837       0.2497
     174       0.5368       0.2419
     175       0.5189       0.2089
     176       0.6527       0.2422
     177       0.7736       0.2190
     178       1.0872       0.2944
     179       0.9149       0.2548
     180       0.6531       0.2550
     181       0.6702       0.2569
     182       0.5918       0.2204
     183       0.5896       0.2263
     184       0.7311       0.3010
     185       0.6298       0.2468
     186       0.5385       0.2253
     187       0.6441       0.2500
     188       0.9959       0.2907
     189       1.0792       0.3008
     190       0.8472       0.2636
     191       1.0414       0.2440
     192       1.2454       0.3516
     193       1.3243       0.3355
     194       1.3358       0.3955
     195       1.2612       0.3499
     196       0.6116       0.2465
     197       0.5998       0.2653
     198       0.7175       0.3045
     199       0.7058       0.2679
     200       0.6575       0.2503
     201       0.6547       0.3139
     202       0.6291       0.2621
     203       0.6508       0.2627
     204       0.6346       0.2483
     205       0.5775       0.2610
     206       0.6872       0.3152
     207       0.7248       0.3335
     208       0.7222       0.3176
     209       0.9055       0.4080
     210       0.9375       0.4071
     211       0.8951       0.3739
     212       1.0808       0.4271
     213       1.1205       0.3714
     214       0.9979       0.2802
     215       1.1029       0.2815
     216       0.7401       0.2612
     217       0.6082       0.2133
     218       1.1832       0.2388
     219       1.4284       0.2600
     220       1.3361       0.3875
     221       1.5740       0.2858
     222       1.3326       0.2899
     223       0.7511       0.2729
     224       0.9963       0.2199
     225       0.9952       0.2415
     226       1.2737       0.2229
     227       1.0148       0.2264
     228       0.4853       0.2060
     229       0.5367       0.2333
     230       0.5303       0.2327
     231       0.6281       0.2313
     232       0.6225       0.2387
     233       0.5423       0.2040
     234       0.6554       0.2439
     235       0.7647       0.2775
     236       0.7430       0.2790
     237       0.5935       0.2409
     238       0.6161       0.2399
     239       0.5443       0.2110
     240       0.5291       0.2328
     241       0.5649       0.2353
     242       0.6266       0.2554
     243       0.6402       0.2532
     244       0.6931       0.2671
     245       0.7928       0.2787
     246       1.0141       0.3150
     247       0.9317       0.3212
     248       0.8738       0.2864
     249       0.6570       0.2491
     250       0.5406       0.2229
     251       0.5614       0.2194
     252       0.5522       0.2018
     253       0.5176       0.2151
     254       0.5258       0.2135
     255       0.4898       0.1890
     256       0.5035       0.1876
     257       0.4754       0.1807
     258       0.5706       0.2036
     259       0.5430       0.1981
     260       0.5204       0.2004
     261       0.5778       0.1824
     262       0.6853       0.1963
     263       0.5871       0.2101
     264       0.6301       0.2356
     265       0.6812       0.2372
     266       0.6094       0.2132
     267       1.1109       0.2986
     268       1.1018       0.3169
     269       1.4501       0.3879
     270       1.8189       0.5090
     271       1.9570       0.5214
     272       1.6210       0.5978
     273       1.3742       0.4421
     274       1.0808       0.2979
     275       1.0781       0.2909
     276       0.9689       0.2456
     277       0.7631       0.1960
     278       0.6587       0.2190
     279       1.0843       0.2279
     280       1.6153       0.2876
     281       1.1525       0.2288
     282       0.7969       0.2704
     283       1.3033       0.2674
     284       1.0077       0.2969
     285       1.4065       0.3594
     286       0.8958       0.2929
     287       0.9441       0.2233
     288       1.0725       0.2437
     289       0.7155       0.2373
     290       0.9477       0.2795
     291       1.0001       0.2913
     292       0.6520       0.2051
     293       0.5105       0.1756
     294       0.4842       0.2067
     295       0.5337       0.2104
     296       0.4581       0.1884
     297       0.5088       0.1931
     298       0.5480       0.2018
     299       0.4738       0.1750
     300       0.5523       0.2014
     301       0.5436       0.2055
     302       0.5541       0.2029
     303       0.5585       0.2144
     304       0.6185       0.2581
     305       0.6986       0.3022
     306       0.8659       0.3386
     307       0.9743       0.4243
     308       0.9679       0.3824
     309       0.9014       0.3559
     310       0.7993       0.3222
     311       0.5760       0.2442
     312       0.4805       0.2062
     313       0.6415       0.2194
     314       0.5576       0.2032
     315       0.8686       0.2367
     316       1.1359       0.2843
     317       1.3288       0.3481
     318       1.3761       0.3419
     319       0.9330       0.2442
     320       0.6255       0.2035
     321       0.5032       0.1881
     322       0.6278       0.2102
     323       0.6196       0.2140
     324       0.6273       0.2373
     325       0.7602       0.2672
     326       0.9057       0.2786
     327       1.2136       0.4521
     328       1.2101       0.4874
     329       1.0499       0.5499
     330       1.5419       0.8483
     331       0.8531       0.3586
     332       0.9024       0.2941
     333       0.8764       0.3392
     334       0.8444       0.3860
     335       0.8683       0.3135
     336       0.8546       0.2589
     337       0.8904       0.2833
     338       0.7164       0.2701
     339       0.6148       0.2130
     340       0.8168       0.2424
     341       0.8037       0.2849
     342       0.6586       0.2489
     343       0.6773       0.2252
     344       0.8216       0.2983
     345       0.8025       0.3110
     346       0.7045       0.2242
     347       0.7317       0.2401
     348       1.0833       0.2686
     349       1.3064       0.2829
     350       1.2197       0.3985
     351       1.2954       0.4474
     352       1.3427       0.4778
     353       1.6827       0.6134
     354       1.3166       0.3980
     355       0.7713       0.3176
     356       0.6684       0.2937
     357       0.8094       0.2621
     358       0.7813       0.2629
     359       1.0270       0.3931
     360       0.7552       0.2888
     361       0.8007       0.3160
     362       1.1677       0.3078
     363       1.3454       0.3147
     364       1.1752       0.2998
     365       1.0639       0.2821
     366       1.2180       0.3971
     367       1.2135       0.3915
     368       0.7986       0.2984
     369       0.8861       0.3336
     370       0.9500       0.3416
     371       0.8492       0.3011
     372       1.0375       0.3390
     373       0.7300       0.2794
     374       0.8739       0.3175
     375       1.0585       0.4533
     376       1.2253       0.7150
     377       1.3544       0.8431
     378       1.2533       0.6364
     379       1.7509       0.7153
     380       1.1840       0.4587
     381       0.9963       0.4043
     382       0.7797       0.3493
     383       0.8117       0.3257
     384       0.6330       0.3102
     385       0.6197       0.2620
     386       0.6488       0.2515
     387       1.2204       0.2912
     388       0.5257       0.2052
     389       0.7512       0.2507
     390       0.4797       0.2050
     391       0.5616       0.2282
     392       0.6982       0.2403
     393       0.7154       0.2836
     394       0.7454       0.2603
     395       0.7415       0.2804
     396       0.7775       0.2482
     397       0.7785       0.2490
     398       0.7607       0.2590
     399       1.2118       0.2839
     400       1.4303       0.3649
     401       1.1825       0.3246
     402       1.8704       0.5911
     403       1.9610       0.6547
     404       1.7097       0.7219
     405       1.0926       0.5857
     406       1.4510       0.3856
     407       1.3595       0.3881
     408       0.7771       0.2584
     409       0.6992       0.2694
     410       0.9218       0.2985
     411       0.7308       0.2380
     412       0.5256       0.2180
     413       0.6035       0.2214
     414       0.5473       0.2157
     415       0.4528       0.1886
     416       0.5803       0.2214
     417       0.6635       0.2195
     418       0.6016       0.2078
     419       0.9060       0.2351
     420       0.8457       0.2387
     421       0.4171       0.1707
     422       0.7051       0.2097
     423       0.7327       0.2368
     424       0.6692       0.2083
     425       0.9074       0.2367
     426       0.9629       0.2832
     427       0.7396       0.2335
     428       0.6869       0.2409
     429       0.5947       0.2362
     430       0.5116       0.2073
     431       0.5753       0.2562
     432       0.7072       0.2973
     433       0.6354       0.2838
     434       0.6874       0.3045
     435       0.9011       0.4372
     436       0.9087       0.4339
     437       0.8651       0.4202
     438       0.7714       0.3288
     439       0.7715       0.3847
     440       1.0518       0.3973
     441       1.1425       0.3417
     442       1.1941       0.3383
     443       1.0452       0.3602
     444       1.1167       0.2766
     445       1.0657       0.3189
     446       1.1933       0.4529
     447       0.9548       0.2764
     448       0.9602       0.2775
     449       1.6006       0.3739
     450       0.7717       0.2599
     451       0.7638       0.2442
     452       0.6230       0.2433
     453       0.8468       0.2567
     454       1.2130       0.3356
     455       0.9210       0.3044
     456       0.9123       0.3111
     457       0.9071       0.3136
     458       0.8823       0.2953
     459       0.8147       0.2977
     460       0.7627       0.2821
     461       0.7504       0.2785
     462       0.5877       0.2474
     463       0.7300       0.2897
     464       0.9662       0.3932
     465       0.8056       0.3250
     466       0.5830       0.2500
     467       0.5956       0.2634
     468       0.8886       0.3365
     469       1.8498       0.5908
     470       1.2526       0.4493
     471       0.9731       0.3341
     472       1.3527       0.3162
     473       0.6708       0.2923
     474       1.2022       0.2607
     475       0.9367       0.3107
     476       0.8591       0.3046
     477       0.8092       0.3104
     478       0.7439       0.2809
     479       0.9942       0.3233
     480       1.2560       0.2794
     481       1.2415       0.2292
     482       0.8918       0.3218
     483       1.0350       0.3422
     484       1.0073       0.2819
     485       0.9866       0.2998
     486       0.8974       0.3169
     487       0.9924       0.3645
     488       0.9159       0.3236
     489       0.8616       0.2910
     490       0.9189       0.3681
     491       1.0380       0.4223
     492       0.8807       0.3355
     493       0.9938       0.2883
     494       1.2312       0.3241
     495       1.2315       0.3725
     496       1.1051       0.3525
     497       1.1326       0.3700
     498       1.0179       0.3714
     499       0.7573       0.3090
     500       0.8498       0.2785
     501       0.9836       0.3500
     502       0.8955       0.3733
     503       0.8606       0.2970
     504       1.0058       0.3000
     505       0.9455       0.3595
     506       1.1223       0.3518
     507       0.8161       0.2628
     508       0.7164       0.2942
     509       1.0424       0.3637
     510       1.0912       0.3647
     511       0.8040       0.3143
     512       1.1276       0.3843
     513       1.6163       0.4716
     514       1.5663       0.5177
     515       1.7631       0.5222
     516       1.9721       0.5553
     517       1.6554       0.4854
     518       1.0319       0.3298
     519       1.0677       0.3419
     520       1.2655       0.4563
     521       1.0964       0.4556
     522       0.7591       0.3270
     523       0.6980       0.3015
     524       0.7393       0.3018
     525       0.7880       0.2615
     526       0.7159       0.2499
     527       0.9632       0.3053
     528       0.8299       0.3049
     529       0.9115       0.3204
     530       1.3402       0.4560
     531       2.1525       0.6918
     532       2.7573       1.2487
     533       3.1384       1.6792
     534       3.0126       1.5516
     535       2.5222       1.1900
     536       1.7676       0.6141
     537       1.3619       0.5290
     538       1.3434       0.5947
     539       1.2970       0.4577
     540       1.4131       0.6073
     541       1.4320       0.6830
     542       1.1653       0.5177
     543       1.6042       0.7446
     544       1.4296       0.5689
     545       1.1273       0.3691
     546       1.3931       0.3850
     547       1.1073       0.3107
     548       1.1525       0.3745
     549       0.9623       0.3660
     550       1.0491       0.3050
     551       0.9046       0.2790
     552       1.0215       0.3119
     553       0.9548       0.2613
     554       1.1274       0.2659
     555       1.0204       0.2686
     556       1.0973       0.2941
     557       1.1822       0.3425
     558       0.9132       0.3091
     559       0.5370       0.2089
     560       0.6762       0.2689
     561       0.6697       0.2423
     562       0.7397       0.2517
     563       0.9789       0.3277
     564       1.0661       0.3334
     565       1.6076       0.4201
     566       2.8322       0.7828