#Residue      AvgRMSD        Stdev
       1       7.4270       1.2352
       2       4.3359       0.7077
       3       1.0479       0.4380
       4       1.0815       0.3510
       5       1.1174       0.3876
       6       1.2582       0.3941
       7       1.0936       0.3034
       8       1.0059       0.2852
       9       1.1740       0.3265
      10       1.1740       0.3910
      11       0.8343       0.2742
      12       1.1622       0.3897
      13       1.3729       0.4917
      14       1.7884       0.7630
      15       7.6595       1.7195
      16      12.9267       1.6320
      17       8.6600       1.2297
      18       7.8913       0.6158
      19       1.4860       0.4342
      20       1.2825       0.3841
      21       1.2755       0.3864
      22       1.2419       0.2965
      23       1.2347       0.3034
      24       1.2416       0.3285
      25       1.3236       0.3337
      26       1.0545       0.3189
      27       1.1586       0.3590
      28       3.0303       0.4876
      29       4.4433       0.4879
      30       3.4010       0.4115
      31       3.5825       0.6530
      32       1.8803       0.5757
      33       2.5389       0.3935
      34       2.7054       1.0162
      35       2.3007       0.5658
      36       2.4171       0.4892
      37       1.8708       0.4527
      38       1.5002       0.4567
      39       2.1025       0.4903
      40       1.9168       0.5590
      41       1.5810       0.4398
      42       1.7350       0.4686
      43       2.1251       0.7180
      44       2.0945       0.6410
      45       1.9657       0.4686
      46       1.8747       0.5236
      47       1.9564       0.5286
      48       1.9617       0.4835
      49       1.4923       0.3716
      50       0.9092       0.4335
      51       0.8907       0.3680
      52       0.7361       0.2875
      53       0.7447       0.2669
      54       0.7256       0.3274
      55       0.7279       0.2415
      56       0.5905       0.2143
      57       0.7058       0.2381
      58       0.7262       0.2208
      59       0.5138       0.1888
      60       0.5857       0.1991
      61       0.6527       0.2102
      62       0.7775       0.2554
      63       0.5409       0.2147
      64       0.8233       0.2599
      65       0.8222       0.2417
      66       1.0126       0.2360
      67       0.9355       0.2422
      68       1.2272       0.3647
      69       1.5537       0.3049
      70       1.0424       0.2762
      71       1.5938       0.3108
      72       2.0278       0.3856
      73       1.8994       0.4123
      74       1.5759       0.3522
      75       1.6669       0.4449
      76       1.7229       0.6111
      77       1.5499       0.6033
      78       0.9680       0.3833
      79       0.9514       0.3981
      80       1.1505       0.4955
      81       1.0301       0.3818
      82       0.9750       0.3232
      83       0.9645       0.3200
      84       0.8191       0.3557
      85       0.8353       0.3379
      86       1.0071       0.3276
      87       1.0737       0.3308
      88       0.9912       0.3389
      89       1.1274       0.3469
      90       1.1127       0.3277
      91       1.2324       0.3645
      92       1.1490       0.3049
      93       1.3296       0.3165
      94       2.3285       0.3353
      95       2.1377       0.3332
      96       1.5712       0.3799
      97       1.6643       0.4671
      98       1.7068       0.4159
      99       1.6640       0.4821
     100       1.1776       0.3418
     101       0.9114       0.2708
     102       0.8381       0.2401
     103       0.6483       0.2151
     104       0.8887       0.2721
     105       1.0445       0.2892
     106       1.1285       0.3019
     107       0.8778       0.2541
     108       1.1653       0.3951
     109       1.3823       0.4142
     110       1.3740       0.3610
     111       1.6181       0.3945
     112       1.9870       0.4781
     113       1.6276       0.3911
     114       0.8975       0.2861
     115       1.6022       0.4189
     116       2.0416       0.5046
     117       1.3559       0.3346
     118       0.9068       0.2097
     119       0.9689       0.3104
     120       0.9064       0.3622
     121       0.9252       0.2798
     122       1.0541       0.3952
     123       1.1868       0.3618
     124       1.0829       0.3948
     125       0.8031       0.4509
     126       1.0550       0.3721
     127       1.0334       0.3033
     128       1.2959       0.4012
     129       1.1802       0.4126
     130       0.8973       0.4509
     131       0.7862       0.3270
     132       0.6596       0.2594
     133       0.8284       0.3047
     134       0.8605       0.3872
     135       0.7957       0.3593
     136       0.7704       0.3611
     137       1.0911       0.4716
     138       1.1303       0.4311
     139       0.7173       0.2485
     140       0.9028       0.2462
     141       1.0390       0.2584
     142       1.3060       0.2646
     143       1.4923       0.2458
     144       1.3601       0.2228
     145       1.4203       0.2208
     146       1.3801       0.3423
     147       1.2987       0.3130
     148       1.2311       0.2636
     149       0.7264       0.2366
     150       0.9714       0.2832
     151       1.0050       0.2987
     152       0.8128       0.2328
     153       0.9183       0.2868
     154       1.3851       0.3510
     155       1.0786       0.3559
     156       1.3535       0.3730
     157       1.6778       0.5214
     158       1.7080       0.5059
     159       1.7517       0.5399
     160       1.4614       0.4016
     161       1.2223       0.3324
     162       1.2722       0.3464
     163       1.0385       0.2957
     164       1.0674       0.2368
     165       1.0868       0.2396
     166       0.9867       0.2188
     167       0.9279       0.2169
     168       1.0807       0.2126
     169       0.9511       0.1797
     170       0.7006       0.1857
     171       0.8442       0.1788
     172       1.1249       0.1921
     173       0.8735       0.1865
     174       1.0399       0.2363
     175       1.3827       0.2482
     176       1.6477       0.2809
     177       1.6853       0.3181
     178       1.7758       0.3720
     179       2.7657       0.3841
     180       3.2572       0.4960
     181       3.5444       0.5724
     182       4.1604       0.8144
     183       2.5562       0.6061
     184       3.0281       0.8151
     185       2.8072       0.7908
     186       2.1309       0.5678
     187       1.7023       0.4745
     188       1.0460       0.3312
     189       1.2172       0.5403
     190       1.4610       0.5386
     191       1.2059       0.3647
     192       0.7389       0.3337
     193       0.9579       0.4216
     194       1.0458       0.4281
     195       1.0246       0.3408
     196       1.1550       0.4029
     197       1.3203       0.2871
     198       1.2706       0.3107
     199       1.0009       0.2647
     200       1.0686       0.3577
     201       1.0023       0.2838
     202       0.9829       0.2886
     203       1.0061       0.3069
     204       1.3816       0.4462
     205       1.0522       0.3724
     206       1.1883       0.5208
     207       1.0424       0.3861
     208       1.0238       0.3879
     209       1.2001       0.3846
     210       1.2646       0.3807
     211       1.2906       0.4330
     212       1.1005       0.3904
     213       1.0708       0.3215
     214       0.9636       0.3258
     215       1.1503       0.3663
     216       1.0612       0.3160
     217       0.8290       0.2538
     218       1.0155       0.2962
     219       1.1353       0.3862
     220       0.8240       0.3127
     221       1.0755       0.3311
     222       0.9230       0.2658
     223       1.0580       0.2836
     224       1.3450       0.5482
     225       1.4943       0.8877
     226       1.4698       0.7158
     227       1.2621       0.4842
     228       1.1854       0.3658
     229       1.0978       0.2936
     230       1.0164       0.3021
     231       0.9687       0.2933
     232       0.9563       0.3493
     233       0.7673       0.2242
     234       0.7602       0.2374
     235       0.7072       0.2566
     236       0.6100       0.2144
     237       0.6166       0.2312
     238       0.8533       0.3252
     239       0.7769       0.3011
     240       0.6950       0.2482
     241       1.3244       0.4882
     242       1.9776       0.6703
     243       1.1090       0.3888
     244       1.1553       0.4255