1	0.0382020553083
2	0.0461750086163
3	0.0404171493396
4	0.0470711967401
5	0.0467198447599
6	0.104602797445
7	0.113162613642
8	0.117087392562
9	0.296944431206
10	0.0475447078253
11	0.119605363412
12	0.101980658226
13	0.146778123355
14	0.0397029688923
15	0.336823988292
16	0.0837998022039
17	0.125504666888
18	0.103643224906
19	0.101981390665
20	0.0606453501892
21	0.136533847202
22	0.10410977835
23	0.341683797207
24	0.100466969917
25	0.172837790814
26	0.0682858665546
27	0.22467850891
28	0.0984614837341
29	0.116616395755
30	0.167882213425
31	0.0600976085578
32	0.113929503237
33	0.131805066248
34	0.256829411358
35	0.0665085759471
36	0.0631815272666
37	0.0707906511496
38	0.105735701345
39	0.331694762073
40	0.151496565335
41	0.0745759058231
42	0.120143392958
43	0.0795940295949
44	0.0991502128457
45	0.291899408184
46	0.125504666888
47	0.157172802103
48	0.172650976314
49	0.131765288842
50	0.0382020553083
51	0.114021343391
52	0.342529310609
53	0.051872699448
54	0.111203540532
55	0.127079716
56	0.100345895319
57	0.183565339763
58	0.135638667396
59	0.101745853522
60	0.0416569318161
61	0.13112132792
62	0.0465892741034
63	0.0608328570509
64	0.171263172522
65	0.144821709166
66	0.0548586703006
67	0.0790259733417
68	0.117084365311
69	0.0462798948165
70	0.0600712953066
71	0.0522439644142
72	0.106453684446
73	0.123950834669
74	0.0700359349467
75	0.0601851769673
76	0.0676872479638
77	0.104555265289
78	0.24409176709
79	0.0454220282192
80	0.0709751934668
81	0.0538185125534
82	0.0837998022039
83	0.146566963
84	0.128663810412
85	0.132383371588
86	0.054283297011
87	0.0521296609384
88	0.107252522349
89	0.0547276514212
90	0.0444309502347
91	0.175574027489
92	0.0594691177564
93	0.0751037899503
94	0.0449241192528
95	0.0837998022039
96	0.0602898468585
97	0.103695442753
98	0.0470028323754
99	0.100243191846
100	0.125945975139
101	0.125332786788
102	0.310013862796
103	0.1758393073
104	0.108113524459
105	0.108895029007
106	0.0470002393434
107	0.201834236749
108	0.0837998022039
109	0.0427572653966
110	0.108118647956
111	0.126966817314
112	0.0615573894385
113	0.343655386793
114	0.102054993812
115	0.0787324887719
116	0.103633271949
117	0.1487466419
118	0.169344518056
119	0.209049657401
120	0.0678084417626
121	0.143726437251
122	0.130798569249
123	0.047206056602
124	0.19413259373
125	0.138388758261
126	0.343036945958
127	0.343777070711
128	0.0597752365631
129	0.0692862936561
130	0.131746347448
131	0.0547540102896
132	0.0540793325622
133	0.0708019838551
134	0.101730009175
135	0.0837998022039
136	0.0527040484398
137	0.0450427452078
138	0.0397108554094
139	0.104778563847
140	0.0544455404845
141	0.0604323117097
142	0.208406686328
143	0.138973895885
144	0.133219442068
145	0.11993902057
146	0.0992705973434
147	0.0565635972702
148	0.305691645263
149	0.206214527853
150	0.0792595114757
151	0.128757262792
152	0.172336842203
153	0.12758296285
154	0.050541115176
155	0.191878924228
156	0.170186047644
157	0.0456520295744
158	0.0607797022286
159	0.0471344692662
160	0.0516532345212
161	0.0700555724264
162	0.0534636342741
163	0.129640980773
164	0.110045154001
165	0.159388615595
166	0.142085616381
167	0.272073124051
168	0.108250448115
169	0.0478561730767
170	0.0466816890696
171	0.0382020553083
172	0.0766804243396
173	0.234215571698
174	0.0413226384792
175	0.0382020553083
176	0.0499442214306
177	0.0563989651535
178	0.0564247464643
179	0.0515255129941
180	0.0399885024056
181	0.32184494734
182	0.106806926795
183	0.130939521707
184	0.0394062067893
185	0.231631819444
186	0.0543006031763
187	0.284243557486
188	0.0428060113065
189	0.103968876417
190	0.172794738101
191	0.146701707706
192	0.125686899019
193	0.0800269419013
194	0.0513163810061
195	0.0737890948181
196	0.0545589212013
197	0.105998219513
198	0.337500318482
199	0.0470647610997
200	0.0572360274472
201	0.167083030176
202	0.101959893759
203	0.0837998022039
204	0.0679959929877
205	0.0516173095572
206	0.0466501081861
207	0.0631582050631
208	0.272821024245
209	0.130834515926
210	0.0516572166284
211	0.123628393363
212	0.120053640506
213	0.128026915768
214	0.111814188518
215	0.0531607660358
216	0.0600313857565
217	0.0401670558973
218	0.074148214048
219	0.0698546999211
220	0.0837998022039
221	0.0559219882159
222	0.0985814817833
223	0.103972477494
224	0.039406206063
225	0.0449144327119
226	0.23072633075
227	0.0520410952914
228	0.200746674255
229	0.0798698525704
230	0.0613327687764
231	0.136016515625
232	0.120998309858
233	0.0682895162847
234	0.15254164979
235	0.0599901626249
236	0.0597709028019
237	0.0517526278751
238	0.0696592275689
239	0.0512673910917
240	0.0442567190823
241	0.0679245247951
242	0.121014331651
243	0.0444786520368
244	0.216937046394
245	0.10354805324
246	0.0567640564766
247	0.045685906578
248	0.131710833323
249	0.112615494843
250	0.176648862239
251	0.0998581645105
252	0.105002861761
253	0.053898150142
254	0.0464569870969
255	0.170714506833
256	0.111518190972
257	0.115197928858
258	0.102036730869
259	0.302163698269
260	0.0646934648247
261	0.152290471744
262	0.152838327346
263	0.174683287504
264	0.150182770055
265	0.147965264931
266	0.102577338739
267	0.113624483274
268	0.126483271575
269	0.0400115428904
270	0.103917738905
271	0.0540557514544
272	0.0398145451327
273	0.245278820979
274	0.253995172986
275	0.136712332318
276	0.0533247988815
277	0.0982303651056
278	0.331736179223
279	0.100294712253
280	0.317466401556
281	0.167975634322
282	0.170405712113
283	0.131910448593
284	0.309337910742
285	0.102961394224
286	0.150084086804
287	0.194185602137
288	0.230514709339
289	0.105868969269
290	0.0598080848918
291	0.134613988619
292	0.105043618189
293	0.0675103560632
294	0.18014248432
295	0.10422925704
296	0.152010195595
297	0.150580535977
298	0.199606509614
299	0.0582924825167
300	0.132911328469
301	0.221931773635
302	0.16839162221
303	0.0681641062005
304	0.113155823966
305	0.0599888525049
306	0.0670011629982
307	0.0500511190917
308	0.0399830463522
309	0.0533544098601
310	0.297887832247
311	0.0601212786072
312	0.0467394454996
313	0.229611086262
314	0.121155384047
315	0.060022372531
316	0.0837998022039
317	0.12934076571
318	0.168779198783
319	0.0443834130681
320	0.0523266210951
321	0.0525665701248
322	0.220803234002
323	0.11279442196
324	0.0751879548298
325	0.138239232418
326	0.0515284931633
327	0.0600030528955
328	0.0721643600035
329	0.15042050865
330	0.199350591341
331	0.0802750783811
332	0.0669854376301
333	0.0602434642274
334	0.0671342187286
335	0.0620050222874
336	0.0460468704451
337	0.0809366846255
338	0.0564437450214
339	0.102293670181
340	0.269681944928
341	0.0750219439102
342	0.109372520757
343	0.0545180021846
344	0.152062260332
345	0.0447117813264
346	0.0478561730767
347	0.0382020553083
348	0.102398805566
349	0.0444136302338
350	0.059505218013
351	0.0663243976276
352	0.164007592864
353	0.128043870976
354	0.0522355343266
355	0.0749161552386
356	0.124954890503
357	0.10240892988
358	0.0837998022039
359	0.0566351148234
360	0.0442565845564
361	0.102754035923
362	0.132684053751
363	0.178782615746
364	0.0448639088214
365	0.0652129235027
366	0.0629206217184
367	0.0539196546535
368	0.0424215239533
369	0.0995808483002
370	0.274071898448
371	0.0600163023646
372	0.190766399026
373	0.188407922316
374	0.0394063673826
375	0.0524490731625
376	0.0465842130075
377	0.0597872545397
378	0.0382020553083
379	0.0546979345149
380	0.0693483267832
381	0.148683225838
382	0.0550066035691
383	0.0759350066855
384	0.0601716534242
385	0.110489519069
386	0.0521197342473
387	0.0565275660809
388	0.103749783688
389	0.137663068883
390	0.0462839080664
391	0.100092150215
392	0.0560751843636
393	0.107612960724
394	0.137787484103
395	0.0631315432659
396	0.0601766500991
397	0.11951655724
398	0.13347143546
399	0.0693633170746
400	0.0549413564812
401	0.108349537915
402	0.295766171698
403	0.0695184640015
404	0.0427572653966
405	0.042215908874
406	0.0544605967924
407	0.0518041940403
408	0.136456075492
409	0.0614833128971
410	0.0700329668527
411	0.0610033171761
412	0.0550671192259
413	0.0510465191769
414	0.0441884266386
415	0.132067547587
416	0.107238587078
417	0.13100859945
418	0.0399070878033
419	0.199757967915
420	0.236704510736
421	0.0591761774074
422	0.221249518922
423	0.111191165213
424	0.0449816410622
425	0.276227251349
426	0.114143623257
427	0.0424982086774
428	0.0724285875538
429	0.0703507400602
430	0.108521793772
431	0.33269556359
432	0.117848541332
433	0.0499752685927
434	0.141573725526
435	0.171761331523
436	0.0764156271056
437	0.0630816271947
438	0.0479570968983
439	0.134439495713
440	0.0694180936412
441	0.104605452474
442	0.168494441428
443	0.0578760788191
444	0.12331099708
445	0.295693846306
446	0.0478839340059
447	0.265481922664
448	0.147742005516
449	0.0972906052487
450	0.0397028259864
451	0.0496289749834
452	0.0569306061065
453	0.0510946270963
454	0.069972405618
455	0.0446200290522
456	0.0544530353233
457	0.0800744972201
458	0.0784804634267
459	0.0544362973188
460	0.0690343994015
461	0.0675542923741
462	0.13439023754
463	0.0526366772941
464	0.0517696890754
465	0.0445726331987
466	0.150349092965
467	0.0700699497177
468	0.0744257502293
469	0.0604322803878
470	0.0689122738587
471	0.0421606004288
472	0.0511235469776
473	0.0598927637593
474	0.116099105102
475	0.107554959761
476	0.0445048266043
477	0.0518815156854
478	0.0412731349996
479	0.051479330619
480	0.051825834267
481	0.107094731861
482	0.203174657614
483	0.0394991790054
484	0.0471685387702
485	0.0465545404242
