1	0.0134818410237
2	0.176627015825
3	1.61942063642
4	0.242687278069
5	0.39505388092
6	0.817287022419
7	0.99116458523
8	0.369066625079
9	0.470316749851
10	0.297163423399
11	0.484151608692
12	0.573684143166
13	0.515468294471
14	0.328976396896
15	0.326974669474
16	0.589632111625
17	0.0191269505694
18	0.177114811177
19	0.147140584884
20	0.141791654486
21	0.0372031135995
22	0.164023117511
23	0.172381305554
24	0.21052248056
25	0.0297079274088
26	0.0318701572954
27	0.150430847729
28	0.0196732702883
29	0.231643129218
30	0.0323804762541
31	0.0201119707084
32	0.0263963561445
33	0.209520268586
34	0.0201041683367
35	0.0170676592584
36	0.164000378518
37	0.208755101724
38	0.148077803873
39	0.200705287845
40	0.015971150687
41	0.0360516679727
42	0.147065705611
43	0.0360692142778
44	0.0170855466967
45	0.185568803317
46	0.208755037045
47	0.360894361775
48	0.150444829956
49	0.29428693632
50	0.043787512939
51	0.0249962637797
52	0.51285947797
53	0.525473738283
54	0.0356239005447
55	0.145921300234
56	0.016773947189
57	0.148410871514
58	0.0617620022721
59	0.0375290158105
60	0.507889402343
61	0.244935103597
62	0.168891691573
63	0.0167400563834
64	0.505668311091
65	0.181704269206
66	0.0348232755714
67	0.381871971403
68	0.322282821715
69	0.0724983101364
70	0.0243974246619
71	0.207836209332
72	0.0446499328594
73	0.15708353567
74	0.307777413427
75	0.0341036967628
76	0.0219560246068
77	0.332668065529
78	0.489115965158
79	0.0512522429388
80	0.0166696159317
81	0.0196084544215
82	0.0348270999354
83	0.142504815181
84	0.0446688913982
85	0.148797049728
86	0.548087297277
87	0.100643116922
88	0.539867911228
89	1.61482096766
90	0.611156276803
91	0.518128798838
92	0.286087569821
93	0.0887175263467
94	0.233149798841
95	0.21053926859
96	0.281266586718
97	0.424914523173
98	1.59767209059
99	0.549763232654
100	0.376269265915
101	0.540308878939
102	0.368409309993
103	0.408474533004
104	0.0156857455673
105	0.0167845835703
106	0.147079590631
107	0.0371296375705
108	0.0444172613898
109	0.0348276635578
110	0.0323970383926
111	1.60935747474
112	0.0413659211179
113	1.29605222429
114	0.357760279402
115	0.036544254733
116	0.29733049854
117	0.0140498559408
118	0.100689120321
119	0.410555005406
120	0.0251942337813
121	0.323143668134
122	0.0725530328331
123	0.443473458827
124	0.0394959649451
125	0.500432204584
126	0.0433921454315
127	0.288286775004
128	0.185047923845
129	0.408011893713
130	0.15593011538
131	0.0412246830872
132	0.0116610944186
133	0.14590389291
134	0.0413745374437
135	0.0581076443027
136	0.142783293374
137	0.514416293336
138	0.512911699092
139	0.196493775454
140	0.0887175263467
141	0.493445357839
142	1.61965001517
143	0.185499206432
144	0.533872326143
145	0.514626127989
146	0.247252421154
147	1.48864117659
148	0.0166986929289
149	0.190400605241
150	0.402995025093
151	0.331020132893
152	0.400468799058
153	0.044681505919
154	0.34805927435
155	0.440266738691
156	0.500494601727
157	0.033648984817
158	1.6146281568
159	1.28557543098
160	0.149903118191
161	0.0349998973839
162	0.044428287999
163	0.492282452408
164	0.0156857456188
165	0.0723097689456
166	0.657662725089
167	0.0887175263467
168	0.101187299916
169	0.276285132266
170	1.61967066169
171	0.4035071396
172	0.505982885098
173	0.201635047734
174	0.846507062364
175	0.0427117253665
176	0.034827663588
177	1.6195991307
178	0.604716153396
179	0.725757224675
180	0.523778242252
181	0.233918640736
182	0.0365705968294
183	0.516188899235
184	0.150448824986
185	0.174112594565
186	0.173358908702
187	1.59335222532
188	0.0115600834802
189	0.148547154469
190	0.361441570889
191	0.044184309484
192	0.169880055569
193	0.555433887772
194	0.0887175263467
195	0.158431254123
196	0.41807581117
197	0.0297175893571
198	0.377060815096
199	0.252005174937
200	0.674498171681
201	0.504613882742
202	0.429677489814
203	1.61966998857
204	8.79324
205	0.217719429098
206	1.6195820313
207	1.61155396444
208	0.536241214411
209	0.0372789635043
210	1.12109363586
211	0.447042493077
212	0.227962545042
213	0.159372226055
214	0.321099832312
215	0.469945207341
216	0.445475181
217	0.308026311503
218	0.0174484523101
219	0.574373323033
220	0.208627245922
221	0.285902167944
222	0.489632330953
223	0.0366101955814
224	0.498846975079
225	0.265255749645
226	0.176665504793
227	0.0414004438461
228	0.573466345525
229	0.260200544063
230	0.0115914924911
231	0.160261218
232	0.589761525489
233	0.508240417474
234	0.0136938368104
235	0.248033354881
236	0.014627119972
237	0.182950701792
238	0.143913737092
239	1.61966999912
240	1.15364789106
241	0.501506045267
242	0.0174818533007
243	0.0137353286418
244	0.431670474056
245	0.444424606925
246	0.310899843798
247	0.520771942209
248	0.0887586894936
249	0.209508578253
250	0.429865612658
251	0.377395674346
252	0.251173566364
253	0.370061225366
254	1.5928403174
255	0.244708131889
256	0.164911023473
257	0.167258534091
258	0.411605376112
259	0.261353283388
260	0.159721953677
261	0.167927277115
262	2.2122212
263	2.2122212
264	2.2122212
265	2.2122212
266	2.2122212
267	0.506097154396
268	0.217159593764
269	0.0156891874738
270	0.0616523993567
271	0.160802336538
272	0.26872467549
273	0.0351003679022
274	0.473784777728
275	0.269625833287
276	0.0276664689908
277	0.0413712769846
278	0.167920534551
279	1.24701477684
280	0.519902429028
281	0.184180142425
282	0.492932348185
283	0.896870049777
284	0.325258049271
285	0.28623751774
286	0.146665488607
287	0.168827679059
288	0.168843299886
289	0.601340176427
290	0.0394813706831
291	0.50127184679
292	0.502150375633
293	1.56026705916
294	0.492585097854
295	2.2122212
296	2.2122212
297	2.2122212
298	1.20734622329
299	0.514985665464
300	0.0371312656474
301	0.304008020593
302	0.988880971239
303	0.21206633229
304	0.198154031691
305	0.0470154908217
306	0.0170736514128
307	0.0493363601825
308	1.61710443679
309	0.0166878129495
310	0.217373453593
311	0.145866129027
312	0.0197057941887
313	0.271434176083
314	0.17231129646
315	0.208894329086
316	0.048607503096
317	0.0413163319058
318	0.0736923366396
319	0.0170669311574
320	0.421772476111
321	0.0354967293898
322	0.0348666496151
323	0.49808157779
324	0.164318712391
325	0.0101445635344
326	0.14685779333
327	0.157311534051
328	0.0372578101045
329	0.035407594376
330	0.198789535789
331	0.270138695179
332	0.177600111213
333	0.215062797654
334	0.0189981733224
335	0.501635400128
336	0.148376292908
337	0.0512302311687
338	0.193016287415
339	0.387296741085
340	0.47981123736
341	0.147068387732
342	0.0167360580689
343	0.258579213262
344	0.0270603580967
345	0.150394950701
346	0.334807871121
347	0.183698453021
348	0.233840530788
349	0.469070340225
350	0.217733339255
351	0.34632849173
352	0.0137458938516
353	0.0244109985725
354	0.284644777456
355	0.376464194747
356	0.0167014398605
357	0.0342087346362
358	0.156828783493
359	0.0340320739402
360	0.0244013656271
361	0.0413570517972
362	0.194282866228
363	0.0116445442557
364	0.1785188739
365	0.0335323972643
366	0.0887175263467
367	0.308639279678
368	0.0166708837987
369	0.142799689669
370	0.30126036993
371	0.0159658716335
372	0.0246757133963
373	0.0887175263467
374	0.0365936955758
375	0.0243736169165
376	0.0366849668568
377	0.173230749756
378	0.0302049138736
379	0.0731741805183
380	0.0156944546295
381	0.194579312431
382	0.218200873497
383	0.0167471759268
384	0.308154637525
385	0.174029331599
386	0.0365425989785
387	0.0276809897547
388	0.018976465621
389	0.0162327077294
390	0.432490745204
391	0.14856175383
392	0.0237441421499
393	0.0170702629709
394	0.0471027280231
395	0.15931155313
396	0.181746795358
397	0.0236286351786
398	0.482591604491
399	0.254383124462
400	0.194875875547
401	0.164419865531
402	0.353265936302
403	0.0246420272847
404	0.186646763216
405	0.145756681787
406	0.308315780162
407	0.564908312241
408	0.157557871524
409	0.295836041041
410	0.0121265240675
411	0.0121383116638
412	0.0197101431013
413	0.308931740919
414	0.0469509506818
415	0.041398807956
416	0.0170762559519
417	0.0239176696786
418	0.0340286422241
419	0.234253318354
420	0.142428924148
421	0.169075944333
422	0.201837170672
423	0.355800572655
424	0.484870663571
425	0.0673996716692
426	0.0123061276383
427	0.507726955608
428	0.0270701467962
429	0.172457152905
430	0.142516369104
431	0.241012369567
432	0.0572951018401
433	0.20161668213
434	0.172634149188
435	0.142801577525
436	0.162307086414
437	0.0159658716338
438	0.0161911596283
439	0.173935061671
440	0.034979214534
441	0.16251655967
442	0.0200759477913
443	0.470065157636
444	0.0887175263467
445	0.0176640857815
446	0.0366118557022
447	0.0165213008234
448	0.0181301161816
449	0.0119079952535
450	0.315632094055
451	0.0721555821664
452	0.162294426301
453	0.0610426256624
454	0.100985795256
455	0.0115892792064
456	0.0156857455673
457	0.148839717972
458	0.0273586246074
459	0.210598070939
460	0.0726003139936
461	0.212402638692
462	0.487730120791
463	0.0297071246341
464	0.513154952312
465	0.229114051249
466	0.16318759235
467	0.468780244017
468	0.159019929069
469	0.506093687885
470	0.590307305311
471	0.0365442546913
472	0.202747777429
473	0.011509652394
474	0.0177120155172
475	0.225853777777
476	1.61965584911
477	0.0545985953367
478	0.0523212105568
479	0.514093927053
480	0.0157541173359
481	0.0156848372529
482	0.0317680351281
483	0.0115557652337
484	0.0116001582891
485	0.146575290395
486	0.0174384393631
487	0.147990597025
488	0.254510235243
489	0.0372209193445
490	0.183754567223
491	0.0116259042726
492	0.200500263929
493	0.0367310487995
494	0.185719638778
495	0.0241737638249
496	0.0371642960518
497	0.489398767221
498	0.510304954348
499	0.229475096745
500	0.0447540450141
501	0.149691959037
502	0.0215825740442
503	0.0190152715274
504	0.160985429529
505	0.195269578094
506	0.145661267107
507	0.146749696458
508	0.210308145701
509	0.0366021257289
510	0.150771326767
511	0.0366615791155
512	0.260924393718
513	0.148473550595
514	0.0366715491022
515	0.0525389596209
516	0.438020829081
517	0.0116450338033
518	0.286681621307
519	0.473353436665
520	0.0546327161395
521	0.447845247339
522	0.321722821334
523	0.283628981621
524	0.435804613592
525	0.0234483060959
526	0.160330153434
527	0.146829560883
528	0.384779846632
529	0.22767795174
530	0.299153314919
531	0.143405842052
532	0.204379718262
533	0.20559842154
534	0.337907756292
535	0.666639683446
536	0.284923877375
537	0.460853387927
538	0.0256043998297
539	0.0998972457765
540	0.199626140743
541	0.0313681359101
542	0.0473614645492
543	0.0422844698457
544	0.021029669523
545	0.464815220097
546	0.188928938183
547	0.0209221302819
548	0.0509258366661
549	0.387301110021
550	0.169125505489
551	0.218680281655
552	0.298756653341
553	0.379319084077
554	0.244351412859
555	0.106980598106
556	0.0367570235705
557	0.0200312053688
558	0.17539870858
559	0.478000964385
560	0.211955991074
561	0.351186283795
562	0.0142894667371
563	0.0410899898698
564	0.821005440153
565	0.0184090522665
566	0.038066936085
567	2.2122212
568	2.2122212
569	2.2122212
570	2.2122212
571	2.2122212
572	2.2122212
573	0.223337972127
574	0.835722748154
575	0.477094367522
576	0.414815053663
577	0.499699567866
578	0.0125895369862
579	0.227200221888
580	0.387491535404
581	7.15674782165
582	3.27409008483
583	2.2122212
584	2.2122212
585	2.2122212
586	2.2122212
587	2.2122212
588	2.2122212
589	2.2122212
590	2.2122212
