1	0.1934322
2	0.1934322
3	0.1934322
4	0.1934322
5	0.1934322
6	0.1934322
7	0.1934322
8	0.1934322
9	0.1934322
10	0.1934322
11	0.1934322
12	0.1934322
13	0.1934322
14	0.1934322
15	0.1934322
16	0.1934322
17	0.1934322
18	0.1934322
19	0.1934322
20	0.1934322
21	0.1934322
22	0.1934322
23	0.1934322
24	0.388973338658
25	0.285448746989
26	0.475621
27	0.475621
28	0.144028237568
29	0.250163554813
30	0.0844351832048
31	0.07437345394
32	0.0171360362793
33	0.0147437391337
34	0.1934322
35	0.1934322
36	0.1934322
37	0.1934322
38	0.1934322
39	0.1934322
40	0.1934322
41	0.1934322
42	0.1934322
43	0.0150918026955
44	0.071590185674
45	0.0148722570266
46	0.0148426485839
47	0.399520126988
48	0.0161491557228
49	0.0147681335964
50	0.0149219596767
51	0.0641258792765
52	0.0814271621702
53	0.475620998981
54	0.014742626759
55	0.033392950873
56	0.0149771768821
57	0.174272801629
58	0.0718128609747
59	0.0147858339606
60	0.022636559988
61	0.260728318156
62	0.0723813942231
63	0.0219293470588
64	0.0155128903937
65	0.0680499134636
66	0.0882212257488
67	0.132570959126
68	0.0212606214051
69	0.0230052054423
70	0.0148152292812
71	0.0763141754223
72	0.0158264075613
73	0.0959155317178
74	0.015214434954
75	0.165422344384
76	0.0220463660079
77	0.0147552514471
78	0.231171341704
79	0.0740075063858
80	0.0148044443797
81	0.151795227515
82	0.0147596558667
83	0.0172639517198
84	0.0725917505052
85	0.0175890408691
86	0.0470894222273
87	0.0148549214578
88	0.475621
89	0.475621
90	0.014754973536
91	0.0499287181344
92	0.109592109185
93	0.0162148623593
94	0.0147398493184
95	0.0149236019454
96	0.0159600670635
97	0.0149187768691
98	0.0147822789616
99	0.475620982314
100	0.0151149266951
101	0.075971159974
102	0.129006623693
103	0.0147395571065
104	0.475621
105	0.203011801169
106	0.014892698625
107	0.475362830733
108	0.173312166812
109	0.182031358019
110	0.0724177501329
111	0.0723700640014
112	0.0151178270464
113	0.248558024968
114	0.0149372150584
115	0.251970930597
116	0.0725730591193
117	0.0147440403637
118	0.018127470728
119	0.475418875068
120	0.0147517441162
121	0.161039328824
122	0.015333166939
123	0.475620957687
124	0.162499671092
125	0.0151561587751
126	0.1581059762
127	0.475620999993
128	0.0147739129358
129	0.0695753153448
130	0.014761668159
131	0.0148832228522
132	0.475620787353
133	0.0161122522988
134	0.0177880686825
135	0.0148252655476
136	0.0716723888787
137	0.0561932093688
138	0.0148209227825
139	0.014752098808
140	0.475621
141	0.0147799068018
142	0.0720779201246
143	0.0821617530455
144	0.0147474972105
145	0.0769521132306
146	0.034094172814
147	0.0286217937497
148	0.0719479427988
149	0.015911147273
150	0.0147576789744
151	0.014802202725
152	0.468883958357
153	0.108125152741
154	0.109413698664
155	0.255413439305
156	0.250226954031
157	0.0147395851075
158	0.475621
159	0.475621
160	0.014783750565
161	0.0149454088471
162	0.475621
163	0.0148025007651
164	0.0147448476289
165	0.0160636842002
166	0.475621
167	0.0147405325053
168	0.0148716048602
169	0.159929628828
170	0.0447653306742
171	0.0155550702068
172	0.475621
173	0.475621
174	0.0156431073474
175	0.0628961380936
176	0.0749758870261
177	0.278101537852
178	0.167875967879
179	0.0149515955888
180	0.0710866666709
181	0.166730660194
182	0.0147435384056
183	0.069102478998
184	0.0147959309927
185	0.103911061023
186	0.0147665483771
187	0.0451334831199
188	0.0147465996659
189	0.079183726465
190	0.248955945724
191	0.475368188622
192	0.117339347771
193	0.25396456698
194	0.0746284697045
195	0.014759810328
196	0.0147500171249
197	0.0512687696827
198	0.015337812552
199	0.400082417443
200	0.0190015203147
201	0.0262650504563
202	0.0716366176317
203	0.0147879623789
204	0.0159558534112
205	0.249195929371
206	0.014805799477
207	0.0150551923185
208	0.0150107267599
209	0.1934322
210	0.1934322
211	0.1934322
212	0.1934322
213	0.1934322
214	0.157695419665
215	0.0149694501033
216	0.014758861633
217	0.0155037194949
218	0.0147429072857
219	0.1934322
220	0.1934322
221	0.1934322
222	0.1934322
223	0.1934322
224	0.0153290062868
225	0.0149690899747
226	0.0717136868007
227	0.0147615691489
228	0.0261996205306
229	0.0549025832889
230	0.071629198193
231	0.360589588747
232	0.0984998567256
233	0.475621
234	0.139541226461
235	0.0416710717905
236	0.0694496129076
237	0.475621
238	0.0717277483282
239	0.237355620701
240	0.0148584339073
241	0.0148065282661
242	0.475621
243	0.0808191715872
244	0.0293265897159
245	0.0149887576101
246	0.0149240422079
247	0.0150910904467
248	0.0249323658355
249	0.0153776526792
250	0.0237834836151
251	0.475621
252	0.0716314552612
253	0.0160624035898
254	0.0147446951727
255	0.161841934968
256	0.0986756644835
257	0.0148335838636
258	0.0155401144675
259	0.475621
260	0.228668603204
261	0.0160713583121
262	0.249122697939
263	0.475620778946
264	0.0153999610804
265	0.475621
266	0.475621
267	0.0166525658631
268	0.0178412460918
269	0.0148473980768
270	0.0411533196718
271	0.452835647395
272	0.1934322
273	0.1934322
274	0.0148994742369
275	0.0355020633917
276	0.0150780440336
277	0.0148694489558
278	0.0164833494185
279	0.0201692006841
280	0.0147468692737
281	0.0154311487424
282	0.0224977705599
283	0.0150420504564
284	0.0147678337146
285	0.1934322
286	0.1934322
287	0.1934322
288	0.1934322
289	0.1934322
290	0.0172058027105
291	0.475621
292	0.0147467107406
293	0.0147879560227
294	0.0959143161535
295	0.47475357228
296	0.0153236596403
297	0.0737668256043
298	0.230160186663
299	0.0658481037815
300	0.0148889150732
301	0.1934322
302	0.1934322
303	0.0935206018425
304	0.214956490092
305	0.0171870071647
306	0.071736246466
307	0.0215964169714
308	0.154888007843
309	0.0724111792936
310	0.231255911948
311	0.0150656446123
312	0.168733328002
313	0.475521312415
314	0.247372133256
315	0.0147638519647
316	0.475615384033
317	0.0727887725405
318	0.0147544047132
319	0.023886741711
320	0.0248700282061
321	0.0147597567311
322	0.01509972285
323	0.0148083365672
324	0.474654814738
325	0.1934322
326	0.1934322
327	0.1934322
328	0.0147508993735
329	0.0147436659409
330	0.014758684546
331	0.0862021685554
332	0.251574454577
333	0.0161874681074
334	0.0724782368801
335	0.452972116712
336	0.014970087903
337	0.0729181784246
338	0.243718706043
339	0.0147603006967
340	0.0147443533255
341	0.0817270861659
342	0.0153499507762
343	0.014856213196
344	0.0147568521541
345	0.0148640359729
346	0.0186602237438
347	0.0164946816879
348	0.0351227271703
349	0.0166703980017
350	0.0802701838925
351	0.0601952859408
352	0.0375419812319
353	0.0161574301335
354	0.136655041422
355	0.019203417912
356	0.0147488903589
357	0.0148203296064
358	0.161880999788
359	0.0189988927131
360	0.0165092775292
361	0.044642904949
362	0.0728762018163
363	0.0149154280254
364	0.0148042462858
365	0.475621
366	0.0172869814989
367	0.0148236917615
368	0.127605472984
369	0.245480317693
370	0.024501358838
371	0.0252908255465
372	0.226950240399
373	0.1934322
374	0.1934322
375	0.1934322
376	0.1934322
377	0.1934322
378	0.1934322
379	0.1934322
380	0.1934322
381	0.1934322
382	0.1934322
383	0.1934322
384	0.1934322
385	0.1934322
386	0.1934322
387	0.1934322
388	0.1934322
389	0.1934322
390	0.1934322
391	0.1934322
392	0.1934322
393	0.1934322
394	0.1934322
395	0.1934322
396	0.1934322
397	0.1934322
398	0.1934322
399	0.1934322
400	0.1934322
401	0.1934322
402	0.1934322
403	0.1934322
404	0.1934322
405	0.1934322
406	0.1934322
407	0.1934322
408	0.1934322
409	0.1934322
410	0.1934322
411	0.1934322
412	0.1934322
413	0.1934322
414	0.1934322
415	0.1934322
416	0.1934322
417	0.1934322
418	0.1934322
419	0.1934322
420	0.1934322
421	0.1934322
422	0.1934322
423	0.1934322
424	0.1934322
425	0.1934322
426	0.1934322
427	0.1934322
428	0.1934322
429	0.1934322
430	0.1934322
431	0.1934322
432	0.1934322
433	0.1934322
434	0.1934322
435	0.1934322
436	0.1934322
437	0.1934322
438	0.1934322
439	0.1934322
440	0.1934322
441	0.1934322
442	0.1934322
443	0.1934322
444	0.1934322
445	0.1934322
446	0.1934322
447	0.1934322
448	0.1934322
449	0.1934322
450	0.1934322
451	0.1934322
452	0.1934322
453	0.1934322
454	0.1934322
455	0.0556877465394
456	0.475621
457	0.470319402949
458	0.155541326629
459	0.247112286258
460	0.0463516893684
461	0.0147673099405
462	0.0153862348595
463	0.0731531524907
464	0.014777515808
465	0.0147478123492
466	0.0147483732826
467	0.1934322
468	0.1934322
469	0.1934322
470	0.407021179362
471	0.0397188981043
472	0.0164764294266
473	0.0723781597198
474	0.0333196065335
475	0.153889894932
476	0.0372492596216
477	0.0432958458336
478	0.384526161597
479	0.1934322
480	0.1934322
481	0.1934322
482	0.1934322
483	0.1934322
484	0.1934322
485	0.1934322
486	0.0147647053904
487	0.074108432035
488	0.356314477634
489	0.0170860501121
490	0.0148525838084
491	0.329821034162
492	0.157739235353
493	0.475620999611
494	0.0244366167996
495	0.0814604025783
496	0.159742613709
497	0.0148882775268
498	0.0714422413956
499	0.0712367927961
500	0.0149551608174
501	0.0147392881778
502	0.0148047805638
503	0.014775070361
504	0.0147743310893
505	0.0164954505416
506	0.1934322
507	0.0270029021988
508	0.015245886445
509	0.0147429690949
510	0.0148025950589
511	0.0147474673176
512	0.211967807302
513	0.0147978958144
514	0.1934322
515	0.1934322
516	0.1934322
517	0.1934322
518	0.1934322
519	0.475611818621
520	0.0694017427076
521	0.173921871094
522	0.0184678351315
523	0.0147462060019
524	0.0372172691077
525	0.0170605531894
526	0.0849731448193
527	0.0157638713761
528	0.0669640864973
529	0.0148424589855
530	0.0148543661052
531	0.0148155530487
532	0.0149211126266
533	0.0147408556917
534	0.014882163077
535	0.0151208581248
536	0.0147431820402
537	0.0156979528056
538	0.161220611402
539	0.0284598580337
540	0.475577233797
541	0.475621
542	0.0150394195913
543	0.163784932476
544	0.0663872276735
545	0.0761122568319
546	0.0147469649195
547	0.0439405070148
548	0.0148421775067
549	0.014742486066
550	0.0181735045425
551	0.0147858048628
552	0.0443518456113
553	0.246549788194
554	0.170573113608
555	0.0172733451017
556	0.187795486924
557	0.160484296966
558	0.0151001268288
559	0.0149441415927
560	0.0147739489102
561	0.0160636840646
562	0.0183001354321
563	0.1934322
564	0.1934322
565	0.1934322
566	0.1934322
567	0.1934322
568	0.1934322
569	0.1934322
570	0.1934322
571	0.1934322
572	0.0195418629082
573	0.196805612987
574	0.220787635536
575	0.0704255509449
576	0.0734543637904
577	0.0256451347495
578	0.245760799389
579	0.0455330172295
580	0.0152597376788
581	0.0740149351825
582	0.1934322
583	0.1934322
584	0.1934322
585	0.1934322
586	0.1934322
587	0.1934322
588	0.1934322
589	0.1934322
590	0.1934322
591	0.1934322
592	0.1934322
593	0.1934322
594	0.1934322
595	0.1934322
596	0.1934322
597	0.1934322
598	0.1934322
599	0.1934322
600	0.1934322
601	0.1934322
602	0.1934322
603	0.1934322
604	0.1934322
605	0.1934322
606	0.1934322
607	0.1934322
608	0.1934322
609	0.1934322
610	0.1934322
611	0.1934322
612	0.1934322
613	0.1934322
614	0.1934322
615	0.1934322
616	0.1934322
617	0.1934322
618	0.1934322
619	0.1934322
620	0.1934322
621	0.1934322
622	0.1934322
623	0.1934322
624	0.1934322
625	0.1934322
626	0.1934322
627	0.1934322
628	0.1934322
629	0.1934322
630	0.1934322
631	0.1934322
632	0.1934322
633	0.1934322
634	0.1934322
635	0.1934322
636	0.1934322
637	0.1934322
638	0.1934322
639	0.1934322
640	0.1934322
641	0.1934322
642	0.1934322
643	0.1934322
644	0.1934322
645	0.1934322
646	0.1934322
647	0.1934322
648	0.1934322
649	0.1934322
650	0.1934322
651	0.1934322
652	0.1934322
653	0.1934322
654	0.1934322
655	0.1934322
656	0.1934322
657	0.1934322
658	0.1934322
659	0.1934322
660	0.1934322
661	0.1934322
662	0.1934322
663	0.1934322
664	0.1934322
665	0.1934322
666	0.1934322
667	0.1934322
668	0.1934322
669	0.1934322
670	0.1934322
671	0.1934322
672	0.1934322
673	0.1934322
674	0.1934322
675	0.1934322
676	0.1934322
677	0.1934322
678	0.1934322
679	0.1934322
680	0.1934322
681	0.1934322
682	0.1934322
683	0.1934322
684	0.1934322
685	0.1934322
686	0.1934322
687	0.1934322
688	0.1934322
689	0.1934322
690	0.1934322
691	0.1934322
692	0.1934322
693	0.1934322
694	0.1934322
695	0.1934322
696	0.1934322
697	0.1934322
698	0.1934322
699	0.1934322
700	0.1934322
701	0.1934322
702	0.1934322
703	0.1934322
704	0.1934322
705	0.1934322
706	0.1934322
707	0.388697801171
708	0.311609842399
709	0.407258628524
710	0.0186698307201
711	0.0147402886702
712	0.0149771317898
713	0.1934322
714	0.1934322
715	0.0152848849823
716	0.0210510505422
717	0.0713959199923
718	0.159387789453
719	0.0155394614872
720	0.0147604296004
721	0.0706854259224
722	0.0910394004153
723	0.0150165938547
724	0.1934322
725	0.1934322
726	0.1934322
727	0.1934322
728	0.1934322
729	0.475618999749
730	0.0147971581019
731	0.0716262278713
732	0.247214166095
733	0.355223986838
734	0.245574343977
735	0.0710170646404
736	0.1934322
737	0.1934322
738	0.1934322
739	0.1934322
740	0.1934322
741	0.0147468083023
742	0.0315161853086
743	0.0148506284875
744	0.247635989009
745	0.1934322
746	0.1934322
747	0.1934322
748	0.1934322
749	0.1934322
750	0.1934322
751	0.1934322
752	0.13184555628
753	0.0148361089677
754	0.475619860918
755	0.20976271865
756	0.0671494416973
757	0.0719015922873
758	0.251052033232
759	0.0153922410429
760	0.242304362981
761	0.1934322
762	0.1934322
763	0.1934322
764	0.1934322
765	0.1934322
766	0.1934322
767	0.1934322
768	0.1934322
769	0.1934322
770	0.1934322
771	0.1934322
772	0.1934322
773	0.1934322
774	0.1934322
775	0.228771576007
776	0.119361848807
777	0.0458980953447
778	0.1934322
779	0.0757439724277
780	0.0390256905954
781	0.0734103205333
782	0.0715691753713
783	0.0147437829142
784	0.0263381860137
785	0.0422341771918
786	0.475620960689
787	0.0700333249514
788	0.0169714152054
789	0.0857503510325
790	0.190423641322
791	0.0171032258016
792	0.0159854988241
793	0.0157694420837
794	0.149443051296
795	0.0172114815582
796	0.475620998158
797	0.0149801383931
798	0.026774444988
799	0.243773988884
800	0.0154850605596
801	0.071682849214
802	0.015005980213
803	0.0171245907887
804	0.0192929226158
805	0.155809303496
806	0.0152168441949
807	0.0147704437381
808	0.117393624407
809	0.0152310853904
810	0.0147459979474
811	0.114869101538
812	0.0147433273244
813	0.0642174878697
814	0.0151091247249
815	0.253997465408
816	0.0148059104799
817	0.0150321266538
818	0.0154936828457
819	0.0147848692813
820	0.014745330344
821	0.0632985962161
822	0.457695990012
823	0.100697963907
824	0.0147415734232
825	0.0147593442284
826	0.0148759084474
827	0.0148653351863
828	0.0147505853745
829	0.0777614842334
830	0.0149282328729
831	0.0147418208494
832	0.0160854367636
833	0.0157453441164
834	0.473827500514
835	0.0160645121846
836	0.0530196802722
837	0.0200822015674
838	0.0147966222841
839	0.0147398045419
840	0.0161597033032
841	0.475621
842	0.0690620774403
843	0.0147442358966
844	0.0147644306062
845	0.475621
846	0.0148584969456
847	0.104857705103
848	0.107705298
849	0.214613178481
850	0.0155326867922
851	0.0151481462066
852	0.282224220557
853	0.0157539684866
854	0.0602615557566
855	0.475621
856	0.0151705074625
857	0.0147402266508
858	0.475620999427
859	0.0147621254483
860	0.0147514356908
861	0.0147468348813
862	0.0152187294859
863	0.0150165938547
864	0.0148769639605
865	0.0481961458307
866	0.475621
867	0.0149018988942
868	0.0147704533146
869	0.0800008269602
870	0.15697872387
871	0.0147415691168
872	0.0159327604023
873	0.017286750175
874	0.0712127606895
875	0.249455356912
876	0.194710467503
877	0.0165486262895
878	0.475621
879	0.475621
880	0.0162186194926
881	0.0147396569828
882	0.0228222945767
883	0.0148213954564
884	0.475621
885	0.0150165938547
886	0.0147406704511
887	0.28886367922
888	0.0768148815575
889	0.0148417666264
890	0.156778227213
891	0.244598127489
892	0.014966288131
893	0.053945324902
894	0.0147461255854
895	0.122549872063
896	0.151755383549
897	0.0149379280973
898	0.0150350284954
899	0.475452753933
900	0.0749494983538
901	0.475621
902	0.0211237408754
903	0.036321498123
904	0.0350879070557
905	0.0448485286929
906	0.472185716533
907	0.475620983984
908	0.154123989994
909	0.475620555507
910	0.155609542818
911	0.0322950712247
912	0.0212582594568
913	0.0468819744619
914	0.0150666157593
915	0.475620999997
916	0.0661492356767
917	0.0147506187643
918	0.0149387916559
919	0.0148417836883
920	0.154886011286
921	0.0722493697507
