1	0.035621131519
2	0.0481949347108
3	0.0419468392056
4	0.0314091301785
5	0.0309381471021
6	0.0338254133234
7	0.0290951921957
8	0.02359874957
9	0.0316290959912
10	0.0304347476673
11	0.0615837009404
12	0.036110483497
13	0.0480227028651
14	0.02359874957
15	0.0358972314415
16	0.0315877850168
17	0.0297819297845
18	0.0312275301259
19	0.036203648532
20	0.0333353615943
21	0.0458075968736
22	0.0314450389606
23	0.0318743873151
24	0.0390323216922
25	0.0333808056581
26	0.160846359113
27	0.0332596919153
28	0.10122836617
29	0.02359874957
30	0.0314346406766
31	0.055249847408
32	0.0419536843643
33	0.02359874957
34	0.0310376032075
35	0.0570336364014
36	0.0294845504787
37	0.0688861933785
38	0.0408342259942
39	0.02359874957
40	0.0360150380797
41	0.316019990286
42	0.0305092389803
43	0.0833247863098
44	0.0292173007684
45	0.0290336982354
46	0.0940486152258
47	0.0335072931761
48	0.0726287606327
49	0.0435239887625
50	0.03190314203
51	0.0325308187097
52	0.02359874957
53	0.0481949347108
54	0.0292335507953
55	0.0627044001008
56	0.0341727527073
57	0.169187066193
58	0.0292478810628
59	0.0684196820521
60	0.0293172874342
61	0.275514916178
62	0.0481949347108
63	0.0688797842662
64	0.311918717545
65	0.0647509164124
66	0.0609139916107
67	0.0696016173578
68	0.0293177250307
69	0.0319154196754
70	0.0788906624314
71	0.0908094585424
72	0.0339228504248
73	0.136600192897
74	0.0351138672799
75	0.0303770900138
76	0.0323423190136
77	0.0291515619987
78	0.31796455283
79	0.0397997723521
80	0.0323183437405
81	0.0322892956663
82	0.064808246078
83	0.0802221524148
84	0.0710997345084
85	0.0370774024058
86	0.0506472108
87	0.0407002814747
88	0.081351210915
89	0.0675033165205
90	0.0323871236889
91	0.0419918471179
92	0.0362193347324
93	0.0312226839491
94	0.0406569457183
95	0.0481949347108
96	0.0329781285752
97	0.0492611117447
98	0.0481949347108
99	0.0813312414344
100	0.276698124995
101	0.0768654329204
102	0.02359874957
103	0.31911934864
104	0.0450391715717
105	0.0411164983309
106	0.0294578555005
107	0.297038999512
108	0.033035616725
109	0.0293875134566
110	0.0483683138885
111	0.0320156069341
112	0.0416179152263
113	0.0481949347108
114	0.0311285317995
115	0.0570787073807
116	0.104525975069
117	0.0422255021767
118	0.0432571425594
119	0.277164898834
120	0.306394122116
121	0.0364381509152
122	0.0359859157689
123	0.0481949347108
124	0.0486225162667
125	0.0602795934018
126	0.0402283980702
127	0.0535581092633
128	0.0483790132458
129	0.0319021495297
130	0.0324289812739
131	0.0353653509214
