1033	0.0027
1037	0.0009
1036	0.0009
1041	0.0005
1038	0.0003
1035	0.0009
1690	0.0147
1688	0.0056
1691	0.0036
1698	0.0001
1571	0.0095
1012	0.0013
987	0.0001
988	0.0001
1048	0.0007
989	0.0008
1447	0.0010
985	0.0009
1606	0.0006
1609	0.0002
1610	0.0003
1604	0.0006
1608	0.0006
1013	0.0003
1704	0.0001
1617	0.0004
1616	0.0000
1614	0.0002
1615	0.0000
1605	0.0003
1612	0.0002
1607	0.0003
1613	0.0002
1611	0.0002
1517	0.0036
1518	0.0037
1521	0.0015
1520	0.0015
1582	0.0002
1047	0.0006
1519	0.0021
1522	0.0027
1523	0.0024
1502	0.0010
1008	0.0009
1327	0.0005
1326	0.0008
1664	0.0001
1049	0.0000
1051	0.0000
1050	0.0009
1669	0.0008
1694	0.0008
1054	0.0005
1165	0.0004
1136	0.0002
1015	0.0008
1504	0.0008
1506	0.0008
1601	0.0003
1661	0.0001
1656	0.0001
1525	0.0001
1662	0.0000
1524	0.0008
1655	0.0000
1660	0.0000
1600	0.0001
1659	0.0000
1657	0.0000
1658	0.0001
1667	0.0005
1668	0.0007
1016	0.0007
1665	0.0004
1663	0.0006
1666	0.0003
1505	0.0004
1603	0.0005
1055	0.0007
1697	0.0004
1053	0.0003
1052	0.0003
1640	0.0011
1503	0.0004
969	0.0004
970	0.0000
971	0.0008
1670	0.0008
1031	0.0000
1014	0.0008
1030	0.0001
1028	0.0001
1029	0.0001
1027	0.0001
1032	0.0006
1325	0.0005
1003	0.0008
1004	0.0010
1452	0.0008
1026	0.0011
1516	0.0007
1515	0.0007
1687	0.0013
1443	0.0023
1689	0.0017
1651	0.0025
1699	0.0009
1572	0.0006
1204	0.0009
1080	0.0000
1427	0.0001
1426	0.0006
1652	0.0005
1424	0.0000
1423	0.0007
1428	0.0001
1425	0.0002
1081	0.0006
1285	0.0001
1092	0.0004
1453	0.0003
1292	0.0006
1287	0.0003
1002	0.0003
1011	0.0000
1009	0.0004
1010	0.0000
1449	0.0002
968	0.0008
1451	0.0002
1695	0.0005
1602	0.0001
1584	0.0000
1561	0.0005
1429	0.0002
1508	0.0002
1583	0.0002
1696	0.0002
1509	0.0004
1296	0.0003
1272	0.0001
1201	0.0003
1313	0.0006
1563	0.0004
1649	0.0004
1456	0.0004
1322	0.0004
1126	0.0002
1387	0.0001
1384	0.0005
1385	0.0000
1383	0.0005
1568	0.0003
1595	0.0002
1565	0.0002
1567	0.0002
1386	0.0002
1630	0.0003
1625	0.0001
1431	0.0001
1628	0.0001
1626	0.0001
1564	0.0002
1648	0.0002
1627	0.0003
1433	0.0002
1323	0.0001
1320	0.0000
1321	0.0001
1319	0.0001
1315	0.0004
1430	0.0002
1457	0.0002
1432	0.0002
1123	0.0003
1127	0.0005
1124	0.0004
1125	0.0001
1381	0.0002
1434	0.0003
1382	0.0000
1566	0.0002
1629	0.0002
1445	0.0002
1437	0.0001
1454	0.0003
1512	0.0001
1419	0.0002
1435	0.0001
1513	0.0002
1446	0.0002
1416	0.0000
1441	0.0002
1458	0.0004
1639	0.0004
1182	0.0002
1179	0.0002
1218	0.0000
1122	0.0001
1133	0.0006
1222	0.0006
1633	0.0000
1170	0.0000
1174	0.0002
1212	0.0002
1274	0.0000
1266	0.0001
1507	0.0001
1406	0.0000
1177	0.0001
1128	0.0001
1178	0.0001
1332	0.0001
1654	0.0001
1176	0.0000
1225	0.0000
1121	0.0004
1172	0.0000
1173	0.0000
1171	0.0000
1180	0.0001
1693	0.0000
1393	0.0000
1404	0.0001
1412	0.0001
1692	0.0001
1244	0.0000
1130	0.0001
1129	0.0004
1414	0.0001
1249	0.0000
1405	0.0000
1132	0.0000
1413	0.0001
1248	0.0001
1245	0.0000
1246	0.0000
1273	0.0001
1645	0.0001
1636	0.0000
1418	0.0019
1436	0.0003
1438	0.0002
1410	0.0001
1411	0.0002
1403	0.0003
1420	0.0001
1459	0.0001
1220	0.0001
1134	0.0001
1634	0.0000
1175	0.0000
1214	0.0000
1223	0.0001
1118	0.0005
1421	0.0002
1135	0.0000
1131	0.0001
1217	0.0001
1635	0.0001
1247	0.0002
1337	0.0000
1631	0.0000
1581	0.0002
1224	0.0000
1181	0.0001
1409	0.0001
1120	0.0001
1119	0.0000
1221	0.0001
1216	0.0001
1056	0.0001
1215	0.0001
1219	0.0001
1444	0.0000
1169	0.0006
1461	0.0002
1415	0.0002
1462	0.0001
1213	0.0001
1442	0.0001
1402	0.0002
1514	0.0001
1650	0.0001
1439	0.0001
1596	0.0002
1598	0.0002
1553	0.0003
1554	0.0001
1597	0.0002
1552	0.0002
1417	0.0001
1599	0.0002
1510	0.0007
1511	0.0003
1653	0.0004
1100	0.0001
1098	0.0019
1448	0.0005
1529	0.0003
1528	0.0001
1527	0.0000
1526	0.0005
1241	0.0001
1267	0.0000
1260	0.0001
1256	0.0001
1268	0.0000
1085	0.0000
1089	0.0003
1255	0.0001
1284	0.0000
1258	0.0001
1286	0.0000
1259	0.0001
1208	0.0001
1252	0.0000
1200	0.0001
1207	0.0000
1198	0.0002
1263	0.0002
1264	0.0000
1203	0.0002
1199	0.0000
1269	0.0001
1091	0.0001
1299	0.0000
1301	0.0000
1300	0.0001
1194	0.0001
1116	0.0003
1289	0.0001
1288	0.0001
1304	0.0001
1196	0.0001
1312	0.0001
1083	0.0000
1271	0.0001
1197	0.0005
1190	0.0006
1084	0.0001
1079	0.0003
1243	0.0001
1239	0.0005
1293	0.0000
1305	0.0001
1291	0.0000
1086	0.0001
1270	0.0001
1192	0.0001
1191	0.0001
1295	0.0000
1195	0.0004
1307	0.0000
1308	0.0001
1088	0.0001
1087	0.0001
1294	0.0000
1303	0.0000
1306	0.0000
1090	0.0001
1298	0.0000
1302	0.0000
1193	0.0002
1202	0.0001
1250	0.0001
1095	0.0001
1262	0.0001
1082	0.0002
1257	0.0000
1261	0.0004
1254	0.0004
1555	0.0004
986	0.0000
1297	0.0003
1455	0.0004
1556	0.0008
1562	0.0004
1005	0.0005
1620	0.0010
1622	0.0002
1621	0.0004
1422	0.0005
1623	0.0007
1619	0.0002
1618	0.0004
1570	0.0004
1530	0.0006
1106	0.0007
1242	0.0001
1103	0.0001
1101	0.0001
1251	0.0013
1096	0.0001
1102	0.0001
1115	0.0002
1105	0.0001
1535	0.0003
1534	0.0001
1532	0.0001
1533	0.0002
1536	0.0002
1537	0.0002
1209	0.0002
1094	0.0000
1108	0.0000
1107	0.0001
1114	0.0003
1531	0.0001
1112	0.0000
1275	0.0001
1110	0.0001
1113	0.0001
1104	0.0010
1111	0.0000
1276	0.0001
1551	0.0002
1549	0.0002
1548	0.0001
1547	0.0002
1093	0.0001
1542	0.0001
1253	0.0001
1538	0.0001
1539	0.0001
1540	0.0000
1240	0.0003
1206	0.0001
1205	0.0004
1544	0.0001
1546	0.0001
1545	0.0000
1541	0.0001
1210	0.0002
1543	0.0000
1550	0.0002
1117	0.0002
1109	0.0001
1211	0.0001
1097	0.0005
1099	0.0001
1021	0.0024
990	0.0038
1365	0.0004
1641	0.0010
1370	0.0001
1371	0.0003
1366	0.0005
1369	0.0001
1367	0.0000
1368	0.0008
1624	0.0007
1157	0.0002
1463	0.0002
1479	0.0003
1477	0.0003
1483	0.0003
1496	0.0002
1480	0.0002
1143	0.0000
1159	0.0004
1154	0.0001
1061	0.0001
1484	0.0003
1486	0.0005
1465	0.0005
1493	0.0004
1498	0.0003
1468	0.0003
1487	0.0003
1238	0.0001
1234	0.0001
1489	0.0001
1232	0.0003
1464	0.0001
1231	0.0001
1469	0.0000
1235	0.0001
1492	0.0001
1478	0.0002
1494	0.0000
1237	0.0000
1482	0.0000
1471	0.0006
1488	0.0000
1491	0.0001
1481	0.0003
1485	0.0011
1230	0.0001
1499	0.0001
1476	0.0001
972	0.0005
1490	0.0003
1472	0.0004
1703	0.0001
1569	0.0040
1702	0.0002
1701	0.0001
1006	0.0029
1024	0.0010
1025	0.0025
1557	0.0007
1019	0.0008
991	0.0005
993	0.0004
992	0.0004
994	0.0000
998	0.0001
996	0.0000
976	0.0001
978	0.0001
975	0.0009
995	0.0001
999	0.0001
997	0.0000
1460	0.0006
982	0.0006
1558	0.0007
1573	0.0004
1396	0.0000
1398	0.0000
1397	0.0001
1399	0.0004
1576	0.0003
1377	0.0003
1575	0.0002
1373	0.0003
1374	0.0004
1580	0.0001
1585	0.0004
1379	0.0004
1643	0.0000
1401	0.0003
1395	0.0005
1378	0.0003
1372	0.0003
1591	0.0003
1017	0.0006
973	0.0005
1642	0.0000
1592	0.0002
1577	0.0004
1380	0.0001
1578	0.0000
1589	0.0001
1594	0.0001
1586	0.0001
1579	0.0001
1587	0.0001
1593	0.0000
1590	0.0001
1408	0.0001
1392	0.0008
1375	0.0001
1574	0.0001
1376	0.0006
1310	0.0003
1065	0.0003
1155	0.0003
1142	0.0001
1150	0.0005
1343	0.0001
1672	0.0001
1678	0.0001
1682	0.0001
1674	0.0003
1675	0.0002
1348	0.0003
1063	0.0003
1346	0.0004
1500	0.0002
1466	0.0002
1139	0.0002
1060	0.0000
1059	0.0001
1057	0.0000
1058	0.0004
1153	0.0000
1189	0.0002
1151	0.0003
1318	0.0003
1279	0.0002
1364	0.0003
1075	0.0000
1184	0.0003
1185	0.0003
1354	0.0000
1344	0.0001
1148	0.0004
1186	0.0003
1138	0.0002
1282	0.0002
1440	0.0002
1188	0.0001
1278	0.0002
1074	0.0002
1317	0.0002
1283	0.0002
1333	0.0002
1358	0.0001
1350	0.0002
1340	0.0002
1342	0.0004
1679	0.0000
1680	0.0004
1681	0.0002
1671	0.0003
1684	0.0001
1683	0.0003
1685	0.0003
1686	0.0001
1351	0.0002
1062	0.0003
1147	0.0000
1335	0.0001
1345	0.0002
1329	0.0000
1183	0.0002
1362	0.0001
1644	0.0001
1229	0.0003
1316	0.0001
1339	0.0002
1071	0.0002
1290	0.0002
1328	0.0002
1280	0.0004
1281	0.0000
1331	0.0004
1676	0.0003
1677	0.0002
1357	0.0002
1078	0.0001
1356	0.0002
1068	0.0002
1501	0.0002
1363	0.0001
1347	0.0002
1265	0.0001
1067	0.0001
1467	0.0021
1076	0.0003
1588	0.0003
1334	0.0002
1187	0.0002
1341	0.0003
1164	0.0002
1066	0.0001
1141	0.0001
1338	0.0001
1330	0.0000
1168	0.0001
1149	0.0001
1359	0.0001
1145	0.0000
1673	0.0003
1352	0.0004
1140	0.0002
1450	0.0002
1156	0.0002
1167	0.0002
1160	0.0002
1158	0.0002
1163	0.0004
1470	0.0001
1073	0.0001
1069	0.0001
1152	0.0001
1228	0.0001
1070	0.0000
1137	0.0001
1161	0.0002
1349	0.0002
1360	0.0001
1072	0.0001
1355	0.0002
1077	0.0005
1353	0.0001
1227	0.0000
1277	0.0001
1064	0.0001
1166	0.0001
1233	0.0007
1495	0.0001
1474	0.0007
1226	0.0001
1497	0.0000
1236	0.0001
1162	0.0002
1146	0.0002
1144	0.0002
1473	0.0000
1475	0.0003
1407	0.0000
1022	0.0008
974	0.0007
1309	0.0006
1018	0.0004
1560	0.0019
1324	0.0012
1391	0.0008
981	0.0007
1394	0.0005
1390	0.0000
1400	0.0000
1389	0.0007
1388	0.0001
1559	0.0003
1020	0.0003
984	0.0002
980	0.0004
983	0.0006
977	0.0003
1311	0.0003
1023	0.0009
1007	0.0045
1000	0.0002
979	0.0002
1638	0.0000
1646	0.0002
1637	0.0001
1647	0.0000
1632	0.0000
1314	0.0108
1336	0.0001
1700	0.0001
1001	0.0001
59	0.0466
963	0.0019
103	0.0024
914	0.0008
915	0.0008
916	0.0003
960	0.0009
40	0.0021
42	0.0003
41	0.0010
36	0.0015
961	0.0024
16	0.0027
242	0.0025
3	0.0024
58	0.0011
57	0.0009
22	0.0012
900	0.0007
49	0.0005
38	0.0003
37	0.0002
46	0.0002
44	0.0009
53	0.0005
54	0.0005
894	0.0010
896	0.0004
902	0.0003
895	0.0004
17	0.0006
899	0.0010
536	0.0016
750	0.0002
208	0.0001
188	0.0002
723	0.0001
532	0.0001
501	0.0006
160	0.0001
944	0.0000
518	0.0001
541	0.0002
545	0.0002
605	0.0001
594	0.0001
383	0.0000
113	0.0002
538	0.0001
539	0.0001
622	0.0001
628	0.0001
535	0.0000
118	0.0002
775	0.0001
353	0.0001
363	0.0003
738	0.0001
393	0.0001
626	0.0001
555	0.0002
568	0.0001
517	0.0002
564	0.0000
186	0.0000
503	0.0001
943	0.0000
684	0.0001
763	0.0002
734	0.0001
709	0.0003
754	0.0001
884	0.0001
593	0.0001
614	0.0001
523	0.0002
724	0.0002
851	0.0001
729	0.0000
721	0.0001
771	0.0001
330	0.0001
730	0.0001
790	0.0001
359	0.0001
592	0.0002
407	0.0001
537	0.0002
183	0.0003
597	0.0002
397	0.0000
553	0.0003
681	0.0002
693	0.0000
766	0.0003
759	0.0000
873	0.0003
591	0.0003
147	0.0002
366	0.0000
376	0.0001
596	0.0000
110	0.0003
258	0.0001
157	0.0002
162	0.0001
617	0.0002
109	0.0002
561	0.0000
560	0.0002
513	0.0000
506	0.0001
551	0.0000
331	0.0001
153	0.0001
196	0.0001
420	0.0000
556	0.0001
181	0.0001
566	0.0001
618	0.0001
552	0.0001
599	0.0003
234	0.0003
184	0.0002
850	0.0002
364	0.0001
382	0.0003
685	0.0000
619	0.0000
621	0.0004
620	0.0000
554	0.0001
563	0.0001
616	0.0007
440	0.0010
694	0.0009
947	0.0004
438	0.0005
483	0.0004
433	0.0005
435	0.0006
142	0.0003
586	0.0000
516	0.0002
543	0.0002
278	0.0003
131	0.0002
235	0.0001
123	0.0003
295	0.0001
624	0.0002
562	0.0003
224	0.0002
505	0.0002
522	0.0001
337	0.0000
891	0.0000
405	0.0002
687	0.0002
531	0.0001
456	0.0001
838	0.0001
868	0.0000
451	0.0002
816	0.0000
453	0.0001
447	0.0000
689	0.0000
445	0.0006
437	0.0002
199	0.0002
107	0.0001
876	0.0004
524	0.0002
922	0.0000
921	0.0002
608	0.0000
185	0.0005
773	0.0001
214	0.0001
159	0.0001
528	0.0002
784	0.0001
733	0.0001
701	0.0002
762	0.0000
753	0.0001
395	0.0000
163	0.0001
567	0.0001
875	0.0001
547	0.0002
342	0.0001
600	0.0001
161	0.0002
512	0.0000
238	0.0001
565	0.0000
558	0.0001
219	0.0001
625	0.0000
117	0.0004
705	0.0001
414	0.0002
198	0.0002
125	0.0003
546	0.0001
121	0.0004
613	0.0001
550	0.0001
612	0.0001
182	0.0007
436	0.0004
351	0.0000
369	0.0003
279	0.0001
293	0.0001
250	0.0001
114	0.0001
602	0.0000
623	0.0002
748	0.0002
354	0.0002
601	0.0002
511	0.0002
372	0.0002
349	0.0001
610	0.0001
751	0.0001
355	0.0000
334	0.0003
877	0.0000
502	0.0000
201	0.0001
557	0.0001
857	0.0002
387	0.0003
559	0.0001
544	0.0001
158	0.0001
223	0.0001
627	0.0001
571	0.0000
569	0.0001
572	0.0002
508	0.0001
737	0.0000
722	0.0000
704	0.0001
711	0.0000
779	0.0000
590	0.0001
577	0.0001
206	0.0001
154	0.0000
326	0.0001
197	0.0001
204	0.0000
507	0.0001
791	0.0001
155	0.0009
192	0.0000
187	0.0001
105	0.0000
194	0.0000
272	0.0001
202	0.0001
217	0.0000
225	0.0000
768	0.0001
756	0.0000
739	0.0000
755	0.0001
946	0.0000
761	0.0001
400	0.0001
361	0.0001
765	0.0000
207	0.0000
607	0.0000
509	0.0003
606	0.0001
213	0.0000
138	0.0001
683	0.0000
391	0.0002
346	0.0001
699	0.0001
740	0.0002
193	0.0000
108	0.0001
352	0.0001
229	0.0001
530	0.0001
712	0.0001
384	0.0002
525	0.0000
682	0.0005
189	0.0000
191	0.0001
347	0.0001
573	0.0001
179	0.0001
320	0.0001
240	0.0001
344	0.0001
315	0.0003
499	0.0001
789	0.0002
340	0.0001
504	0.0003
935	0.0001
576	0.0001
335	0.0003
609	0.0000
703	0.0000
345	0.0000
374	0.0000
203	0.0000
814	0.0002
441	0.0005
455	0.0002
847	0.0003
806	0.0001
452	0.0003
869	0.0002
454	0.0001
805	0.0000
446	0.0001
807	0.0000
841	0.0001
148	0.0005
444	0.0000
450	0.0000
449	0.0002
394	0.0003
406	0.0000
717	0.0000
403	0.0002
885	0.0002
692	0.0001
846	0.0000
808	0.0001
845	0.0001
843	0.0001
836	0.0007
837	0.0002
690	0.0001
812	0.0001
813	0.0001
810	0.0001
691	0.0001
809	0.0001
811	0.0001
882	0.0000
350	0.0003
886	0.0001
731	0.0001
917	0.0001
918	0.0001
783	0.0000
815	0.0001
842	0.0001
840	0.0000
839	0.0001
856	0.0002
448	0.0005
269	0.0002
282	0.0001
205	0.0001
195	0.0000
700	0.0002
548	0.0001
377	0.0001
587	0.0002
713	0.0001
629	0.0002
190	0.0001
786	0.0001
604	0.0001
389	0.0001
385	0.0000
149	0.0000
316	0.0000
421	0.0002
940	0.0002
939	0.0000
785	0.0000
732	0.0001
764	0.0001
934	0.0001
933	0.0000
727	0.0001
757	0.0000
758	0.0000
686	0.0003
302	0.0001
247	0.0000
398	0.0004
726	0.0001
246	0.0001
249	0.0000
129	0.0001
930	0.0002
937	0.0001
356	0.0001
410	0.0001
360	0.0002
257	0.0001
301	0.0001
230	0.0001
370	0.0002
928	0.0001
924	0.0001
735	0.0000
793	0.0000
736	0.0001
741	0.0000
780	0.0000
126	0.0001
744	0.0001
714	0.0001
343	0.0001
324	0.0001
375	0.0000
743	0.0001
402	0.0001
381	0.0000
276	0.0000
292	0.0001
261	0.0000
143	0.0007
275	0.0000
881	0.0000
883	0.0001
341	0.0001
745	0.0001
770	0.0001
146	0.0000
226	0.0000
262	0.0001
858	0.0001
333	0.0000
150	0.0000
151	0.0001
325	0.0000
742	0.0000
409	0.0000
362	0.0001
422	0.0001
584	0.0003
892	0.0000
878	0.0003
390	0.0000
371	0.0001
718	0.0000
367	0.0001
588	0.0000
318	0.0001
527	0.0001
319	0.0006
879	0.0000
415	0.0000
549	0.0000
396	0.0001
611	0.0001
715	0.0000
589	0.0003
348	0.0001
358	0.0001
392	0.0000
792	0.0000
706	0.0000
328	0.0000
368	0.0001
707	0.0001
317	0.0000
336	0.0001
260	0.0000
119	0.0001
274	0.0001
931	0.0000
932	0.0001
938	0.0001
252	0.0001
277	0.0001
127	0.0001
253	0.0001
177	0.0001
725	0.0002
141	0.0002
139	0.0000
227	0.0000
241	0.0001
220	0.0001
271	0.0001
296	0.0000
144	0.0000
135	0.0001
115	0.0000
237	0.0001
218	0.0000
256	0.0001
116	0.0001
134	0.0001
124	0.0000
156	0.0004
919	0.0001
137	0.0000
708	0.0001
767	0.0001
769	0.0001
120	0.0005
259	0.0000
251	0.0000
176	0.0000
778	0.0001
133	0.0000
245	0.0001
233	0.0001
236	0.0000
232	0.0001
595	0.0000
923	0.0001
927	0.0001
702	0.0002
781	0.0000
752	0.0001
782	0.0000
880	0.0000
772	0.0001
849	0.0000
945	0.0002
774	0.0001
231	0.0000
130	0.0002
379	0.0000
794	0.0001
526	0.0001
140	0.0000
132	0.0002
239	0.0001
273	0.0001
215	0.0001
180	0.0001
122	0.0001
254	0.0000
222	0.0000
178	0.0001
128	0.0005
216	0.0001
255	0.0000
941	0.0002
747	0.0002
936	0.0002
136	0.0002
926	0.0001
848	0.0001
413	0.0001
145	0.0000
716	0.0012
787	0.0001
929	0.0001
925	0.0000
920	0.0001
854	0.0010
480	0.0010
479	0.0000
478	0.0001
55	0.0008
60	0.0004
844	0.0003
200	0.0004
378	0.0006
776	0.0000
760	0.0001
332	0.0001
329	0.0001
719	0.0001
777	0.0000
887	0.0000
399	0.0001
795	0.0000
698	0.0001
746	0.0001
283	0.0004
111	0.0001
268	0.0003
1	0.0001
870	0.0001
872	0.0000
2	0.0001
871	0.0005
862	0.0005
18	0.0008
39	0.0003
481	0.0004
35	0.0003
45	0.0003
43	0.0003
47	0.0002
48	0.0009
432	0.0001
688	0.0002
443	0.0002
534	0.0002
533	0.0000
442	0.0002
439	0.0002
248	0.0000
514	0.0001
603	0.0001
339	0.0001
228	0.0001
221	0.0001
212	0.0001
510	0.0002
874	0.0001
401	0.0001
175	0.0007
615	0.0000
585	0.0001
542	0.0001
520	0.0001
106	0.0002
519	0.0000
570	0.0002
728	0.0001
386	0.0001
749	0.0000
152	0.0001
365	0.0000
388	0.0000
521	0.0000
323	0.0002
322	0.0002
529	0.0003
412	0.0001
788	0.0000
411	0.0000
720	0.0001
373	0.0000
404	0.0000
852	0.0000
408	0.0000
327	0.0002
710	0.0001
357	0.0002
294	0.0001
598	0.0000
575	0.0001
338	0.0001
321	0.0001
515	0.0004
431	0.0014
434	0.0001
5	0.0004
416	0.0004
905	0.0004
853	0.0003
417	0.0004
112	0.0003
98	0.0004
635	0.0003
855	0.0003
942	0.0003
583	0.0003
904	0.0003
62	0.0002
99	0.0002
835	0.0004
92	0.0002
86	0.0000
93	0.0000
84	0.0001
95	0.0000
77	0.0004
100	0.0000
94	0.0001
96	0.0000
83	0.0000
97	0.0001
80	0.0001
87	0.0000
85	0.0000
101	0.0000
81	0.0002
102	0.0000
82	0.0001
89	0.0000
78	0.0000
91	0.0000
88	0.0000
79	0.0002
964	0.0015
56	0.0010
51	0.0001
901	0.0016
897	0.0009
898	0.0007
33	0.0008
286	0.0023
287	0.0020
34	0.0020
582	0.0011
581	0.0001
579	0.0001
580	0.0000
578	0.0012
893	0.0005
281	0.0007
280	0.0004
7	0.0010
72	0.0013
4	0.0022
9	0.0016
903	0.0010
8	0.0001
63	0.0013
66	0.0001
65	0.0001
6	0.0009
243	0.0001
69	0.0001
951	0.0002
954	0.0002
952	0.0002
953	0.0001
950	0.0004
958	0.0002
957	0.0003
68	0.0010
70	0.0000
956	0.0001
955	0.0001
32	0.0007
285	0.0012
73	0.0010
284	0.0017
680	0.0008
71	0.0011
61	0.0011
104	0.0009
28	0.0016
965	0.0018
966	0.0003
967	0.0005
76	0.0029
962	0.0017
11	0.0015
12	0.0015
309	0.0009
291	0.0008
308	0.0004
164	0.0004
307	0.0006
314	0.0004
310	0.0000
305	0.0003
304	0.0002
313	0.0001
419	0.0001
306	0.0003
298	0.0002
299	0.0001
166	0.0001
288	0.0001
289	0.0002
27	0.0001
29	0.0001
31	0.0001
25	0.0002
303	0.0002
300	0.0002
424	0.0001
425	0.0001
430	0.0017
311	0.0007
290	0.0001
429	0.0007
74	0.0001
15	0.0008
75	0.0001
14	0.0000
912	0.0011
418	0.0008
312	0.0005
13	0.0009
19	0.0005
23	0.0003
297	0.0004
20	0.0007
10	0.0001
21	0.0004
486	0.0004
30	0.0001
24	0.0000
26	0.0005
459	0.0005
697	0.0005
799	0.0006
796	0.0006
911	0.0006
457	0.0003
867	0.0004
866	0.0001
888	0.0002
631	0.0003
171	0.0001
266	0.0000
244	0.0004
633	0.0003
825	0.0001
640	0.0000
664	0.0001
650	0.0001
656	0.0000
824	0.0000
666	0.0000
657	0.0000
645	0.0002
638	0.0000
820	0.0000
822	0.0000
828	0.0000
663	0.0001
636	0.0005
172	0.0004
427	0.0001
174	0.0000
498	0.0002
889	0.0000
890	0.0003
948	0.0000
482	0.0001
263	0.0003
270	0.0002
211	0.0008
173	0.0001
423	0.0001
210	0.0000
637	0.0001
658	0.0001
642	0.0000
819	0.0002
639	0.0000
653	0.0001
660	0.0001
655	0.0000
831	0.0000
829	0.0000
832	0.0000
649	0.0000
652	0.0000
644	0.0003
833	0.0000
859	0.0001
827	0.0000
654	0.0000
830	0.0000
662	0.0000
641	0.0001
648	0.0004
643	0.0001
821	0.0005
647	0.0002
659	0.0000
665	0.0003
861	0.0001
860	0.0002
651	0.0000
823	0.0002
661	0.0001
834	0.0002
267	0.0003
646	0.0001
574	0.0001
826	0.0001
380	0.0005
170	0.0003
265	0.0003
264	0.0004
949	0.0003
630	0.0000
426	0.0001
428	0.0005
632	0.0000
209	0.0003
696	0.0006
817	0.0002
669	0.0002
667	0.0001
668	0.0001
678	0.0003
463	0.0000
466	0.0000
465	0.0006
464	0.0001
462	0.0001
494	0.0001
907	0.0003
167	0.0001
469	0.0001
477	0.0001
474	0.0001
864	0.0001
908	0.0005
476	0.0001
909	0.0001
910	0.0001
540	0.0001
863	0.0001
468	0.0000
461	0.0001
670	0.0001
472	0.0001
495	0.0001
493	0.0001
906	0.0002
672	0.0004
677	0.0001
673	0.0000
674	0.0001
818	0.0007
671	0.0000
676	0.0003
675	0.0004
797	0.0021
458	0.0001
475	0.0001
467	0.0004
473	0.0001
802	0.0003
165	0.0002
695	0.0003
865	0.0001
801	0.0000
496	0.0001
471	0.0005
470	0.0000
500	0.0002
169	0.0001
803	0.0000
168	0.0001
634	0.0001
800	0.0001
497	0.0001
460	0.0001
798	0.0006
64	0.0012
913	0.0011
90	0.0013
679	0.0009
485	0.0012
484	0.0000
487	0.0001
489	0.0002
491	0.0002
804	0.0002
488	0.0004
492	0.0002
490	0.0001
959	0.0027
52	0.0001
50	0.0095
67	0.0043
1759	0.0652
2205	0.0005
1751	0.0007
1762	0.0001
1764	0.0000
1761	0.0009
1760	0.0001
1763	0.0001
2233	0.0010
1721	0.0006
2047	0.0002
2048	0.0002
2044	0.0004
2084	0.0001
1927	0.0000
2083	0.0005
1923	0.0005
1924	0.0002
1926	0.0002
1925	0.0001
1720	0.0007
1801	0.0007
2151	0.0007
2107	0.0003
2116	0.0002
2139	0.0001
2126	0.0004
2167	0.0009
1932	0.0005
2085	0.0015
2108	0.0001
2120	0.0001
1933	0.0001
2086	0.0001
1929	0.0003
2110	0.0003
2122	0.0003
1922	0.0003
1921	0.0000
2133	0.0003
2112	0.0003
2111	0.0000
1920	0.0000
2204	0.0003
2117	0.0002
2109	0.0003
2119	0.0002
2121	0.0000
1931	0.0004
2114	0.0001
1919	0.0001
1795	0.0001
2115	0.0004
1930	0.0002
1928	0.0003
1918	0.0003
2124	0.0003
1935	0.0002
1934	0.0002
2123	0.0000
2087	0.0008
2118	0.0001
2125	0.0003
2106	0.0003
2113	0.0002
1798	0.0008
1838	0.0007
1796	0.0003
1800	0.0004
1802	0.0003
2215	0.0004
1890	0.0003
1916	0.0003
2210	0.0002
2211	0.0003
1804	0.0003
1915	0.0001
1893	0.0000
1888	0.0001
1892	0.0001
1885	0.0001
1896	0.0005
1897	0.0001
1891	0.0001
2213	0.0000
2214	0.0002
2212	0.0001
1803	0.0009
1805	0.0001
1887	0.0000
2209	0.0003
1894	0.0001
1799	0.0005
1806	0.0003
1797	0.0003
1886	0.0002
1837	0.0003
1913	0.0002
1914	0.0000
1889	0.0003
1839	0.0005
1750	0.0001
1723	0.0001
1722	0.0017
1991	0.0001
1988	0.0000
1985	0.0000
1989	0.0000
1987	0.0001
1990	0.0000
1986	0.0008
1983	0.0000
1724	0.0012
2082	0.0020
1766	0.0001
2230	0.0020
2066	0.0001
2011	0.0019
2067	0.0002
2009	0.0004
2010	0.0011
2046	0.0008
1765	0.0006
2236	0.0008
2132	0.0007
1780	0.0000
1778	0.0000
1789	0.0001
1776	0.0002
1792	0.0000
1782	0.0000
1794	0.0001
1774	0.0003
1777	0.0000
1786	0.0000
1781	0.0000
1791	0.0000
1790	0.0001
1779	0.0000
1775	0.0000
1783	0.0000
1773	0.0007
1788	0.0000
1785	0.0001
1784	0.0000
1787	0.0001
1737	0.0011
1982	0.0009
2168	0.0007
2207	0.0007
2130	0.0000
2231	0.0016
2232	0.0021
2065	0.0006
1813	0.0004
1908	0.0002
1868	0.0000
1900	0.0001
1899	0.0001
1898	0.0001
1822	0.0023
1948	0.0001
1984	0.0001
1952	0.0001
1953	0.0001
1937	0.0002
1969	0.0002
2127	0.0003
1995	0.0002
1961	0.0002
1943	0.0002
1940	0.0002
1950	0.0002
1815	0.0002
2079	0.0002
2080	0.0002
1978	0.0002
1967	0.0002
1958	0.0000
1974	0.0001
1959	0.0003
1818	0.0002
1944	0.0001
1956	0.0001
1820	0.0001
1955	0.0001
1833	0.0002
1951	0.0003
1977	0.0003
1981	0.0000
1817	0.0003
2005	0.0002
2004	0.0002
1856	0.0000
1912	0.0002
1966	0.0002
1834	0.0001
2070	0.0002
1816	0.0002
1819	0.0001
1979	0.0001
1970	0.0002
1832	0.0001
1875	0.0002
2031	0.0002
1942	0.0000
1980	0.0000
2152	0.0000
2081	0.0003
2128	0.0003
1941	0.0002
2068	0.0000
2020	0.0001
2077	0.0001
2078	0.0002
2076	0.0001
2075	0.0000
1823	0.0000
2074	0.0005
2018	0.0001
1821	0.0001
1936	0.0001
2002	0.0001
1814	0.0001
1874	0.0001
2030	0.0001
1957	0.0002
1960	0.0002
1968	0.0001
1853	0.0000
1976	0.0000
1972	0.0000
1962	0.0003
1938	0.0001
1971	0.0001
1965	0.0003
1973	0.0001
2033	0.0002
1964	0.0001
1975	0.0001
1963	0.0000
1831	0.0001
1949	0.0002
2003	0.0001
2129	0.0002
2019	0.0003
2032	0.0003
1939	0.0001
1945	0.0001
2014	0.0001
1946	0.0001
1954	0.0001
1947	0.0002
1852	0.0004
1880	0.0000
1911	0.0001
1882	0.0002
1879	0.0001
1884	0.0001
1844	0.0002
1883	0.0000
1840	0.0002
1808	0.0012
1843	0.0001
1847	0.0002
1812	0.0001
1828	0.0001
1876	0.0003
1830	0.0000
1864	0.0001
1917	0.0001
1851	0.0001
1901	0.0004
1907	0.0001
1903	0.0001
1850	0.0001
1849	0.0000
1902	0.0001
1811	0.0001
1881	0.0000
1904	0.0002
1845	0.0001
1906	0.0001
1841	0.0003
1855	0.0003
1905	0.0001
1857	0.0001
1909	0.0002
1871	0.0002
1867	0.0002
1858	0.0002
1865	0.0002
1877	0.0003
1827	0.0003
1809	0.0001
1866	0.0003
1835	0.0000
1826	0.0002
1836	0.0001
1873	0.0002
1846	0.0003
1872	0.0000
1842	0.0001
1848	0.0001
1870	0.0001
1895	0.0002
2015	0.0006
2017	0.0001
2016	0.0007
1824	0.0003
1878	0.0004
1859	0.0000
2001	0.0004
1997	0.0003
1999	0.0002
2000	0.0003
2150	0.0003
1998	0.0003
1996	0.0003
2028	0.0003
2029	0.0002
2026	0.0002
2027	0.0003
1861	0.0003
1869	0.0001
1807	0.0002
1825	0.0000
1810	0.0001
1860	0.0001
1910	0.0003
1713	0.0003
2097	0.0003
1770	0.0002
2102	0.0002
2096	0.0002
1767	0.0001
1769	0.0001
1772	0.0001
2234	0.0002
2104	0.0002
2103	0.0001
2099	0.0001
2089	0.0001
2100	0.0002
2094	0.0001
2091	0.0001
2098	0.0000
2073	0.0000
2092	0.0001
2072	0.0001
2101	0.0000
2071	0.0002
2095	0.0000
2093	0.0002
2090	0.0000
1768	0.0002
2088	0.0003
2105	0.0002
2021	0.0017
1863	0.0002
1726	0.0002
1854	0.0003
2199	0.0001
2192	0.0001
2190	0.0002
2179	0.0001
2134	0.0002
2200	0.0002
2189	0.0001
2162	0.0001
2155	0.0000
2141	0.0001
2160	0.0001
2186	0.0001
2184	0.0000
2165	0.0000
2173	0.0001
2036	0.0007
2182	0.0000
2154	0.0001
2146	0.0001
2172	0.0001
2148	0.0001
2136	0.0000
2156	0.0001
2195	0.0001
2181	0.0001
1994	0.0000
2161	0.0001
2135	0.0001
2163	0.0001
2202	0.0000
2063	0.0002
2166	0.0001
2147	0.0000
2183	0.0001
2171	0.0000
2201	0.0001
2153	0.0001
2144	0.0000
2198	0.0001
2059	0.0001
2191	0.0001
2158	0.0000
2180	0.0000
2143	0.0000
2140	0.0000
2138	0.0003
1992	0.0002
2187	0.0001
2196	0.0000
2145	0.0001
2175	0.0000
2176	0.0003
2197	0.0001
2177	0.0001
2007	0.0000
2061	0.0001
2178	0.0000
2157	0.0001
2174	0.0000
2169	0.0000
2142	0.0001
2203	0.0001
2149	0.0001
2185	0.0001
2137	0.0005
1993	0.0005
2058	0.0000
2188	0.0001
2064	0.0001
2062	0.0000
2193	0.0002
2164	0.0001
2060	0.0001
2006	0.0001
2159	0.0001
2194	0.0001
2170	0.0001
2035	0.0003
1862	0.0001
1829	0.0005
2034	0.0003
2025	0.0002
2024	0.0006
2013	0.0008
2012	0.0022
2008	0.0012
2069	0.0008
2229	0.0008
2208	0.0029
1771	0.0001
2235	0.0001
1712	0.0002
1757	0.0021
1738	0.0019
1719	0.0026
1730	0.0006
1734	0.0001
1733	0.0001
1728	0.0000
2022	0.0001
1727	0.0001
1732	0.0001
2023	0.0004
1731	0.0003
2216	0.0002
2217	0.0002
1735	0.0002
2218	0.0001
2227	0.0001
2220	0.0001
2219	0.0002
2224	0.0001
2228	0.0001
2223	0.0001
2222	0.0001
2221	0.0001
2225	0.0001
1729	0.0012
2226	0.0001
1718	0.0019
1758	0.0020
2040	0.0011
1740	0.0017
2041	0.0010
1708	0.0011
1711	0.0001
1709	0.0013
1710	0.0001
1742	0.0006
2043	0.0006
2206	0.0006
1739	0.0006
1705	0.0008
2131	0.0004
2053	0.0006
2049	0.0003
2042	0.0010
2050	0.0002
2051	0.0002
1793	0.0001
2054	0.0001
2056	0.0001
2057	0.0001
2055	0.0001
2045	0.0005
1744	0.0004
1749	0.0004
1745	0.0006
1707	0.0000
1706	0.0011
1741	0.0006
1743	0.0004
1748	0.0002
1747	0.0002
1746	0.0004
2038	0.0005
2037	0.0005
2039	0.0005
1736	0.0005
2052	0.0006
1714	0.0004
1755	0.0006
1752	0.0005
1754	0.0003
1756	0.0004
1753	0.0004
1717	0.0007
1715	0.0002
1716	0.0004
1725	0.0011
2250	0.0347
2323	0.0113
2241	0.0114
2240	0.0031
2356	0.0035
2326	0.0090
2261	0.0054
2360	0.0009
2309	0.0030
2296	0.0029
2293	0.0019
2348	0.0000
2347	0.0005
2352	0.0005
2351	0.0004
2354	0.0002
2349	0.0000
2353	0.0006
2355	0.0001
2298	0.0011
2359	0.0009
2248	0.0008
2346	0.0009
2327	0.0001
2294	0.0002
2295	0.0010
2297	0.0005
2247	0.0006
2350	0.0004
2322	0.0004
2317	0.0010
2245	0.0004
2246	0.0016
2292	0.0036
2324	0.0009
2258	0.0007
2328	0.0034
2238	0.0009
2361	0.0000
2239	0.0001
2316	0.0033
2325	0.0007
2276	0.0004
2252	0.0002
2291	0.0001
2303	0.0000
2287	0.0001
2288	0.0001
2300	0.0009
2305	0.0001
2306	0.0002
2340	0.0002
2339	0.0001
2338	0.0003
2337	0.0001
2290	0.0001
2253	0.0001
2251	0.0001
2289	0.0001
2257	0.0001
2275	0.0000
2307	0.0004
2304	0.0000
2265	0.0005
2311	0.0005
2310	0.0004
2270	0.0002
2269	0.0002
2268	0.0000
2267	0.0000
2264	0.0008
2331	0.0006
2266	0.0007
2271	0.0002
2312	0.0000
2313	0.0004
2277	0.0003
2272	0.0005
2280	0.0000
2254	0.0003
2285	0.0000
2314	0.0006
2344	0.0003
2341	0.0003
2283	0.0001
2284	0.0003
2321	0.0004
2332	0.0001
2329	0.0004
2279	0.0003
2255	0.0001
2318	0.0002
2260	0.0002
2319	0.0001
2286	0.0003
2256	0.0000
2320	0.0003
2299	0.0003
2282	0.0003
2259	0.0001
2278	0.0004
2330	0.0002
2281	0.0003
2343	0.0002
2334	0.0001
2335	0.0001
2333	0.0002
2342	0.0001
2336	0.0001
2263	0.0006
2308	0.0001
2301	0.0008
2274	0.0001
2273	0.0001
2302	0.0001
2243	0.0040
2244	0.0006
2242	0.0016
2345	0.0005
2358	0.0025
2357	0.0029
2315	0.0001
2249	0.0095
2237	0.0020
2262	0.0007
1034	0.0162
1361	0.0120
1039	0.0120
1040	0.0071
1046	0.0041
1042	0.0026
1045	0.0031
1043	0.0006
1044	0.0016
0	0.0014
