741	0.0004
742	0.0001
737	0.0001
735	0.0006
734	0.0001
426	0.0029
436	0.0002
608	0.0002
607	0.0006
207	0.0006
736	0.0001
435	0.0002
442	0.0002
429	0.0002
933	0.0001
434	0.0005
428	0.0002
439	0.0001
744	0.0002
732	0.0002
390	0.0002
879	0.0002
137	0.0001
929	0.0002
129	0.0013
133	0.0002
746	0.0004
915	0.0002
934	0.0002
571	0.0004
888	0.0001
913	0.0001
922	0.0001
912	0.0006
914	0.0002
210	0.0001
423	0.0002
743	0.0004
688	0.0001
973	0.0001
388	0.0003
211	0.0001
417	0.0003
398	0.0043
909	0.0001
420	0.0001
401	0.0002
988	0.0001
392	0.0004
421	0.0001
9	0.0001
415	0.0002
1026	0.0012
927	0.0001
527	0.0002
757	0.0004
418	0.0002
277	0.0001
962	0.0007
964	0.0001
967	0.0001
966	0.0005
117	0.0004
916	0.0002
118	0.0001
924	0.0015
432	0.0001
209	0.0006
447	0.0001
433	0.0010
437	0.0001
116	0.0005
911	0.0005
921	0.0005
917	0.0004
908	0.0007
919	0.0005
755	0.0004
400	0.0046
427	0.0001
731	0.0002
267	0.0007
930	0.0008
740	0.0007
125	0.0005
131	0.0007
984	0.0007
124	0.0005
692	0.0005
132	0.0005
883	0.0002
404	0.0001
395	0.0001
391	0.0006
394	0.0002
396	0.0001
691	0.0005
979	0.0002
706	0.0001
707	0.0008
987	0.0002
981	0.0002
974	0.0001
595	0.0002
430	0.0001
382	0.0002
212	0.0001
419	0.0002
878	0.0003
440	0.0002
449	0.0001
560	0.0004
738	0.0003
733	0.0084
406	0.0001
600	0.0080
126	0.0002
139	0.0017
138	0.0001
134	0.0001
402	0.0003
250	0.0013
992	0.0002
809	0.0005
22	0.0002
854	0.0003
1009	0.0001
1008	0.0001
1006	0.0004
808	0.0003
753	0.0004
1011	0.0003
687	0.0005
810	0.0041
28	0.0011
652	0.0005
637	0.0005
621	0.0006
659	0.0005
619	0.0005
661	0.0001
624	0.0007
620	0.0018
654	0.0002
306	0.0011
308	0.0013
307	0.0001
949	0.0026
727	0.0026
819	0.0001
820	0.0004
523	0.0024
851	0.0019
57	0.0008
53	0.0001
51	0.0001
747	0.0008
330	0.0009
331	0.0006
818	0.0007
528	0.0005
357	0.0001
295	0.0001
298	0.0003
299	0.0004
290	0.0005
297	0.0020
592	0.0006
293	0.0005
1035	0.0005
294	0.0005
296	0.0006
291	0.0005
292	0.0006
591	0.0005
852	0.0006
837	0.0007
121	0.0006
857	0.0009
478	0.0052
480	0.0005
142	0.0006
140	0.0006
141	0.0005
143	0.0005
483	0.0004
482	0.0003
487	0.0004
479	0.0004
481	0.0002
485	0.0005
206	0.0015
842	0.0010
337	0.0008
462	0.0007
700	0.0006
365	0.0004
217	0.0005
215	0.0005
451	0.0007
1003	0.0005
214	0.0020
316	0.0005
580	0.0002
699	0.0002
300	0.0013
321	0.0001
322	0.0018
319	0.0005
336	0.0007
120	0.0007
827	0.0025
37	0.0024
35	0.0004
492	0.0021
493	0.0001
248	0.0021
477	0.0017
701	0.0012
936	0.0012
939	0.0012
970	0.0014
136	0.0009
130	0.0009
122	0.0012
873	0.0014
570	0.0002
1005	0.0001
54	0.0007
55	0.0001
59	0.0001
66	0.0003
95	0.0006
89	0.0003
97	0.0003
62	0.0004
88	0.0001
81	0.0003
80	0.0001
61	0.0005
108	0.0003
94	0.0001
96	0.0004
98	0.0001
99	0.0005
64	0.0001
63	0.0017
67	0.0003
71	0.0001
103	0.0005
91	0.0003
79	0.0006
69	0.0004
86	0.0009
76	0.0012
56	0.0075
60	0.0002
70	0.0002
239	0.0014
1037	0.0004
937	0.0002
220	0.0008
892	0.0008
106	0.0005
606	0.0004
262	0.0028
82	0.0004
409	0.0001
464	0.0005
348	0.0004
263	0.0003
264	0.0001
2	0.0002
344	0.0008
498	0.0001
505	0.0011
517	0.0002
779	0.0008
778	0.0010
777	0.0010
751	0.0007
115	0.0005
717	0.0007
223	0.0011
376	0.0008
68	0.0003
107	0.0001
410	0.0007
698	0.0001
350	0.0007
613	0.0005
484	0.0004
463	0.0006
144	0.0013
829	0.0005
853	0.0006
272	0.0007
704	0.0006
343	0.0007
255	0.0011
203	0.0004
202	0.0005
1002	0.0004
52	0.0004
101	0.0001
58	0.0005
764	0.0004
40	0.0001
41	0.0034
205	0.0006
268	0.0006
581	0.0001
821	0.0001
604	0.0001
468	0.0001
815	0.0007
593	0.0002
224	0.0001
573	0.0004
776	0.0006
767	0.0007
201	0.0002
762	0.0001
301	0.0002
200	0.0007
384	0.0001
318	0.0008
968	0.0002
270	0.0004
42	0.0002
204	0.0002
123	0.0006
381	0.0006
456	0.0001
453	0.0009
461	0.0008
227	0.0006
349	0.0006
44	0.0009
332	0.0005
324	0.0013
333	0.0001
761	0.0006
329	0.0001
328	0.0002
320	0.0007
49	0.0008
269	0.0006
856	0.0007
386	0.0006
797	0.0007
85	0.0009
34	0.0003
957	0.0003
709	0.0011
941	0.0008
605	0.0006
938	0.0011
940	0.0011
495	0.0008
221	0.0006
1027	0.0008
377	0.0005
582	0.0005
341	0.0005
556	0.0012
715	0.0009
756	0.0009
554	0.0009
555	0.0009
87	0.0009
72	0.0004
74	0.0003
84	0.0008
65	0.0001
73	0.0001
50	0.0013
504	0.0006
119	0.0012
506	0.0008
378	0.0009
510	0.0003
503	0.0003
501	0.0016
519	0.0001
512	0.0001
514	0.0001
513	0.0002
518	0.0001
500	0.0004
5	0.0016
893	0.0002
4	0.0006
346	0.0003
342	0.0003
905	0.0007
379	0.0007
1004	0.0006
43	0.0006
601	0.0007
904	0.0008
557	0.0011
102	0.0010
771	0.0006
502	0.0001
507	0.0008
509	0.0002
511	0.0001
499	0.0015
285	0.0001
266	0.0011
104	0.0005
286	0.0005
496	0.0008
520	0.0008
274	0.0001
945	0.0011
33	0.0005
796	0.0005
469	0.0006
230	0.0000
466	0.0013
413	0.0006
465	0.0076
254	0.0005
719	0.0010
345	0.0004
216	0.0005
703	0.0006
460	0.0004
1028	0.0004
450	0.0002
347	0.0023
273	0.0009
781	0.0009
508	0.0005
723	0.0001
109	0.0001
78	0.0004
105	0.0001
710	0.0001
83	0.0001
75	0.0017
222	0.0002
245	0.0002
30	0.0006
955	0.0006
77	0.0006
317	0.0006
114	0.0006
383	0.0006
714	0.0005
405	0.0005
385	0.0004
561	0.0005
943	0.0006
942	0.0006
366	0.0003
219	0.0005
374	0.0010
218	0.0002
8	0.0005
6	0.0004
1033	0.0004
944	0.0012
92	0.0109
90	0.0015
111	0.0011
1034	0.0011
774	0.0006
787	0.0006
414	0.0004
769	0.0004
599	0.0006
826	0.0005
412	0.0019
358	0.0005
359	0.0008
361	0.0006
488	0.0006
489	0.0006
763	0.0006
708	0.0005
768	0.0008
113	0.0009
850	0.0009
849	0.0002
213	0.0008
524	0.0006
525	0.0010
773	0.0007
770	0.0007
772	0.0009
780	0.0004
782	0.0010
956	0.0004
1001	0.0008
1024	0.0009
112	0.0003
93	0.0008
100	0.0001
110	0.0001
805	0.0034
799	0.0032
521	0.0013
531	0.0011
775	0.0014
522	0.0014
323	0.0010
360	0.0009
858	0.0014
954	0.0011
859	0.0014
759	0.0007
760	0.0006
529	0.0007
7	0.0006
758	0.0011
766	0.0004
515	0.0001
516	0.0002
497	0.0009
335	0.0006
326	0.0007
275	0.0001
334	0.0004
814	0.0004
325	0.0004
894	0.0004
327	0.0004
199	0.0005
899	0.0007
898	0.0007
895	0.0007
765	0.0006
558	0.0002
559	0.0008
387	0.0006
259	0.0003
486	0.0008
838	0.0011
832	0.0008
831	0.0008
754	0.0002
10	0.0004
364	0.0004
721	0.0002
725	0.0001
711	0.0001
716	0.0001
724	0.0005
726	0.0002
712	0.0007
145	0.0003
720	0.0001
718	0.0002
713	0.0001
310	0.0006
368	0.0006
369	0.0006
373	0.0002
375	0.0001
371	0.0002
370	0.0011
372	0.0004
367	0.0006
817	0.0004
303	0.0010
452	0.0009
865	0.0007
870	0.0007
265	0.0007
457	0.0004
867	0.0013
530	0.0010
860	0.0007
855	0.0008
841	0.0008
830	0.0006
491	0.0029
315	0.0013
950	0.0006
948	0.0010
947	0.0001
836	0.0010
845	0.0012
314	0.0011
839	0.0010
722	0.0004
603	0.0008
602	0.0007
690	0.0016
312	0.0009
861	0.0009
862	0.0008
313	0.0010
467	0.0010
835	0.0007
494	0.0012
798	0.0007
594	0.0012
173	0.0097
146	0.0002
662	0.0008
305	0.0005
258	0.0015
339	0.0016
1020	0.0015
256	0.0013
15	0.0003
1017	0.0003
189	0.0001
995	0.0003
188	0.0003
17	0.0001
1018	0.0001
11	0.0038
171	0.0001
18	0.0004
1007	0.0005
16	0.0001
165	0.0008
13	0.0008
163	0.0001
183	0.0001
179	0.0001
187	0.0001
174	0.0001
159	0.0001
166	0.0001
190	0.0007
19	0.0001
14	0.0004
813	0.0001
1014	0.0001
168	0.0001
175	0.0005
1012	0.0001
287	0.0004
1010	0.0004
241	0.0002
225	0.0020
644	0.0005
628	0.0005
542	0.0019
533	0.0015
609	0.0011
610	0.0018
597	0.0006
598	0.0005
596	0.0006
473	0.0015
474	0.0012
177	0.0001
162	0.0014
612	0.0008
625	0.0005
246	0.0036
147	0.0001
639	0.0003
638	0.0001
617	0.0005
640	0.0001
655	0.0002
194	0.0003
616	0.0004
553	0.0001
611	0.0002
643	0.0004
650	0.0002
626	0.0004
646	0.0002
630	0.0001
656	0.0007
1022	0.0004
153	0.0001
170	0.0002
1000	0.0001
156	0.0001
184	0.0001
21	0.0007
186	0.0001
993	0.0001
167	0.0001
1013	0.0001
150	0.0031
155	0.0001
154	0.0001
160	0.0002
812	0.0001
158	0.0001
196	0.0011
999	0.0001
840	0.0015
848	0.0013
844	0.0006
576	0.0001
363	0.0001
575	0.0006
834	0.0004
833	0.0004
1023	0.0001
20	0.0027
1015	0.0001
997	0.0001
182	0.0001
1019	0.0001
989	0.0001
157	0.0001
151	0.0001
185	0.0003
996	0.0001
152	0.0001
180	0.0005
198	0.0001
178	0.0001
148	0.0003
181	0.0001
176	0.0002
172	0.0004
169	0.0004
161	0.0001
164	0.0003
1021	0.0001
648	0.0002
629	0.0002
657	0.0001
631	0.0002
642	0.0002
627	0.0001
424	0.0003
633	0.0004
244	0.0002
237	0.0003
785	0.0003
649	0.0002
615	0.0010
46	0.0013
549	0.0010
645	0.0007
653	0.0001
647	0.0009
29	0.0011
552	0.0010
12	0.0011
951	0.0009
356	0.0001
355	0.0022
354	0.0020
353	0.0001
351	0.0021
352	0.0001
587	0.0024
476	0.0013
959	0.0019
475	0.0011
752	0.0006
471	0.0038
788	0.0023
590	0.0027
589	0.0018
584	0.0002
585	0.0001
583	0.0005
588	0.0001
586	0.0001
1032	0.0018
31	0.0015
32	0.0015
901	0.0015
902	0.0009
903	0.0001
900	0.0031
685	0.0027
276	0.0031
1016	0.0037
671	0.0018
666	0.0016
668	0.0008
679	0.0012
825	0.0002
824	0.0064
472	0.0014
579	0.0015
195	0.0017
800	0.0001
801	0.0002
807	0.0001
806	0.0001
804	0.0011
614	0.0005
257	0.0006
252	0.0005
231	0.0002
235	0.0001
247	0.0008
641	0.0006
803	0.0025
802	0.0001
191	0.0001
192	0.0026
958	0.0017
193	0.0027
548	0.0001
543	0.0002
674	0.0006
789	0.0010
470	0.0012
793	0.0008
665	0.0006
534	0.0016
681	0.0008
541	0.0005
682	0.0007
546	0.0004
673	0.0025
677	0.0002
680	0.0001
535	0.0001
538	0.0008
539	0.0007
540	0.0001
537	0.0007
676	0.0001
683	0.0012
675	0.0004
678	0.0018
669	0.0001
684	0.0001
667	0.0002
672	0.0001
686	0.0012
790	0.0014
791	0.0002
551	0.0014
670	0.0008
969	0.0026
794	0.0020
795	0.0050
425	0.0023
1038	0.0276
288	0.0303
3	0.0536
935	0.0317
729	0.0309
526	0.0246
728	0.0115
1031	0.0121
408	0.0107
407	0.0074
816	0.0073
828	0.0033
544	0.0001
536	0.0034
636	0.0002
896	0.0022
532	0.0012
545	0.0002
822	0.0037
823	0.0004
792	0.0040
411	0.0019
960	0.0088
843	0.0070
149	0.0004
634	0.0006
664	0.0009
233	0.0002
651	0.0007
618	0.0003
658	0.0003
635	0.0001
660	0.0004
663	0.0001
550	0.0007
622	0.0005
547	0.0004
197	0.0005
623	0.0006
847	0.0004
846	0.0004
251	0.0004
811	0.0008
994	0.0004
990	0.0004
991	0.0005
998	0.0005
952	0.0006
236	0.0001
234	0.0001
232	0.0011
242	0.0001
574	0.0007
578	0.0002
577	0.0009
253	0.0009
229	0.0004
228	0.0004
953	0.0007
240	0.0006
238	0.0004
47	0.0008
249	0.0009
946	0.0006
362	0.0002
260	0.0026
340	0.0006
311	0.0005
697	0.0007
702	0.0007
695	0.0008
786	0.0009
302	0.0008
693	0.0008
48	0.0004
694	0.0002
36	0.0019
696	0.0004
38	0.0008
338	0.0009
784	0.0006
243	0.0006
226	0.0036
490	0.0015
863	0.0012
864	0.0008
309	0.0010
928	0.0010
932	0.0001
925	0.0014
906	0.0002
880	0.0017
783	0.0017
261	0.0014
24	0.0005
869	0.0001
25	0.0009
23	0.0008
289	0.0005
455	0.0001
1036	0.0039
459	0.0001
397	0.0008
745	0.0007
271	0.0005
1029	0.0005
566	0.0004
279	0.0002
283	0.0007
750	0.0001
749	0.0002
748	0.0002
963	0.0001
278	0.0004
281	0.0001
889	0.0005
982	0.0002
872	0.0001
976	0.0001
885	0.0002
875	0.0001
918	0.0003
910	0.0001
416	0.0002
887	0.0004
877	0.0001
891	0.0005
431	0.0037
876	0.0008
26	0.0001
454	0.0012
866	0.0001
27	0.0001
39	0.0012
45	0.0013
868	0.0002
304	0.0023
871	0.0010
458	0.0008
443	0.0003
961	0.0009
438	0.0002
444	0.0001
441	0.0001
739	0.0002
907	0.0001
874	0.0002
445	0.0017
564	0.0004
632	0.0002
980	0.0004
572	0.0002
730	0.0002
972	0.0001
977	0.0005
284	0.0023
882	0.0001
965	0.0001
881	0.0003
127	0.0004
897	0.0005
931	0.0003
568	0.0001
985	0.0001
282	0.0004
280	0.0001
923	0.0002
208	0.0002
565	0.0002
448	0.0001
135	0.0002
128	0.0004
1	0.0023
926	0.0002
380	0.0002
920	0.0002
1030	0.0002
563	0.0006
1025	0.0001
705	0.0001
403	0.0002
399	0.0002
389	0.0002
422	0.0002
393	0.0002
562	0.0006
446	0.0006
890	0.0003
569	0.0002
983	0.0002
978	0.0004
886	0.0002
975	0.0001
689	0.0004
567	0.0001
986	0.0001
884	0.0004
971	0.0014
0	0.0019
