81	0.0125
180	0.0053
1	0.0411
60	0.1087
61	0.0028
14	0.0026
62	0.0019
82	0.1060
190	0.0023
41	0.0032
83	0.0035
39	0.0782
91	0.0599
87	0.0279
92	0.0231
21	0.0208
197	0.0099
198	0.0062
63	0.0059
43	0.0095
19	0.0013
196	0.0009
42	0.0164
59	0.0078
199	0.0053
194	0.0004
179	0.0065
144	0.0009
30	0.0004
93	0.0070
25	0.0841
193	0.0514
12	0.0020
94	0.0021
11	0.0021
20	0.0093
192	0.0009
18	0.0071
189	0.0004
202	0.0005
191	0.0018
90	0.0016
3	0.0101
74	0.0013
165	0.0065
29	0.0010
112	0.0004
140	0.0006
131	0.0006
147	0.0004
98	0.0023
185	0.0017
184	0.0004
122	0.0013
89	0.0019
175	0.0004
187	0.0009
186	0.0004
152	0.0014
77	0.0013
101	0.0018
103	0.0005
133	0.0005
108	0.0004
106	0.0010
73	0.0004
188	0.0010
10	0.0009
34	0.0014
58	0.0004
36	0.0013
141	0.0004
7	0.0031
128	0.0004
70	0.0005
129	0.0005
95	0.0004
104	0.0004
51	0.0014
177	0.0005
171	0.0005
137	0.0005
123	0.0004
33	0.0009
143	0.0004
167	0.0004
96	0.0013
102	0.0005
37	0.0005
149	0.0005
124	0.0009
109	0.0004
121	0.0005
126	0.0005
134	0.0035
164	0.0009
157	0.0009
176	0.0004
169	0.0009
54	0.0005
116	0.0005
136	0.0005
55	0.0005
2	0.0222
142	0.0006
182	0.0006
146	0.0014
79	0.0004
68	0.0004
40	0.0004
69	0.0004
52	0.0004
76	0.0004
28	0.0009
75	0.0004
27	0.0043
38	0.0004
160	0.0018
31	0.0022
99	0.0010
153	0.0010
132	0.0004
138	0.0006
78	0.0004
162	0.0009
151	0.0004
6	0.0019
17	0.0009
161	0.0013
200	0.0006
139	0.0019
155	0.0004
173	0.0004
163	0.0004
56	0.0006
100	0.0004
125	0.0014
172	0.0004
148	0.0009
53	0.0010
71	0.0004
135	0.0006
72	0.0006
145	0.0006
158	0.0006
170	0.0006
114	0.0007
130	0.0010
156	0.0004
168	0.0004
8	0.0023
32	0.0009
119	0.0006
150	0.0004
107	0.0009
113	0.0013
183	0.0004
118	0.0004
174	0.0004
50	0.0004
26	0.0031
120	0.0009
24	0.0014
105	0.0006
115	0.0006
154	0.0006
159	0.0009
127	0.0014
66	0.0006
110	0.0010
117	0.0004
35	0.0006
111	0.0010
97	0.0004
49	0.0063
46	0.0004
45	0.0004
47	0.0004
48	0.0013
15	0.0040
195	0.0036
44	0.0004
13	0.0044
86	0.0104
84	0.0025
85	0.0040
22	0.0024
4	0.0009
16	0.0034
5	0.0017
181	0.0013
201	0.0057
57	0.0021
166	0.0026
88	0.0009
65	0.0033
64	0.0004
23	0.0020
67	0.0017
9	0.0021
178	0.0018
80	0.0009
0	0.0377
