#Residue      AvgRMSD        Stdev
       1       3.1081       0.7214
       2       2.2066       0.6514
       3       1.3259       0.4320
       4       1.2381       0.4025
       5       1.4320       0.5356
       6       1.4375       0.4605
       7       1.2040       0.4004
       8       0.8654       0.3423
       9       0.7793       0.3066
      10       0.8988       0.2516
      11       0.9537       0.3652
      12       1.0320       0.4392
      13       2.0557       0.9263
      14       1.9603       0.4966
      15       2.8200       0.4849
      16       2.6939       0.6305
      17       2.4732       0.6901
      18       1.8409       0.6450
      19       2.0284       0.4476
      20       1.7376       0.4358
      21       1.8656       0.5339
      22       2.4189       0.4983
      23       1.5390       0.4749
      24       1.3013       0.4409
      25       1.1543       0.3817
      26       1.3782       0.4545
      27       1.2000       0.4255
      28       1.1897       0.4097
      29       1.3251       0.4757
      30       1.4921       0.5295
      31       1.4409       0.4901
      32       1.4930       0.4895
      33       1.7902       0.5764
      34       2.0344       0.6401
      35       1.8340       0.5614
      36       1.6713       0.6010
      37       1.2825       0.4500
      38       1.2523       0.4526
      39       1.1160       0.3814
      40       1.0580       0.3572
      41       0.7751       0.3084
      42       0.7511       0.2883
      43       1.0493       0.4391
      44       1.1260       0.5283
      45       2.4026       0.5746
      46       3.8156       0.6454
      47       2.1429       0.7642
      48       1.3972       0.5833
      49       1.3326       0.5353
      50       1.5980       0.6172
      51       1.7588       0.5928
      52       1.5434       0.5466
      53       1.5627       0.5683
      54       1.7486       0.6337
      55       2.0574       0.5251
      56       1.8333       0.5377
      57       2.0260       0.6015
      58       2.3199       0.6983
      59       2.0725       0.5685
      60       2.1999       0.5899
      61       1.6689       0.5178
      62       1.5828       0.5543
      63       1.4929       0.5465
      64       1.7292       0.6098
      65       2.3336       0.5268
      66       4.7710       1.7824
      67       2.6956       0.9854
      68       1.4346       0.6008
      69       1.4836       0.5384
      70       1.1683       0.4448
      71       1.1484       0.4315
      72       1.0903       0.4090
      73       1.1608       0.3770
      74       1.0253       0.3911
      75       0.6783       0.3235
      76       0.7741       0.3505
      77       0.8593       0.3691
      78       0.7617       0.3337
      79       0.7432       0.3446
      80       0.9068       0.3698
      81       0.7769       0.3511
      82       0.7459       0.3183
      83       1.1206       0.4443
      84       1.0036       0.4265
      85       2.6107       0.8976
      86       5.3317       1.3424
      87       1.0190       0.4737
      88       1.1492       0.5326
      89       1.0759       0.4833
      90       0.9197       0.3866
      91       0.9649       0.3645
      92       0.8326       0.3031
      93       0.7914       0.2830
      94       0.7586       0.2559
      95       0.7832       0.2647
      96       0.6891       0.2868
      97       0.5847       0.2438
      98       0.6374       0.2438
      99       0.9568       0.3092
     100       0.7918       0.3280
     101       1.2291       0.3823
     102       1.0483       0.4129
     103       0.7982       0.3019
     104       0.8941       0.3296
     105       0.9484       0.2764
     106       0.8567       0.2519
     107       0.8385       0.2532
     108       0.7744       0.2760
     109       0.9726       0.2460
     110       1.0504       0.2608
     111       0.8881       0.2589
     112       0.6549       0.2371
     113       0.6731       0.2445
     114       0.8407       0.2490
     115       0.7173       0.2570
     116       0.7181       0.3030
     117       1.0761       0.3827
     118       1.4304       0.4084
     119       1.3232       0.4181
     120       0.9957       0.3915
     121       0.8081       0.2938
     122       0.7439       0.2644
     123       0.6584       0.2384
     124       0.6666       0.2492
     125       0.9714       0.2775
     126       0.8267       0.2561
     127       0.8659       0.3809
     128       1.1815       0.6812
     129       2.4610       0.6010
     130       2.7107       0.9930
     131       2.0877       0.7032
     132       1.7935       0.5735
     133       2.7180       0.6342
     134       1.2527       0.3772
     135       2.1282       0.5978
     136       2.1077       0.5264
     137       2.9488       0.5967
     138       3.1493       0.5151
     139       2.9439       0.5206
     140       2.2253       0.5035
     141       2.5294       0.6197
     142       2.4169       0.6437
     143       2.4921       0.6363
     144       2.0813       0.5969
     145       2.2531       0.5014
     146       2.0960       0.4922
     147       1.5832       0.4613
     148       1.5790       0.5150
     149       1.5224       0.5701
     150       1.5362       0.6201
     151       1.8678       0.4709
     152       2.9594       0.4756
     153       3.7047       0.4018
     154       4.0743       0.4887
     155       4.0668       0.5496
     156       3.8971       0.6770
     157       5.2379       0.9431
     158       4.4403       1.0246
     159       3.2629       1.0090
     160       2.6131       0.8057
     161       3.2705       1.1169
     162       2.7956       0.8985
     163       1.5977       0.5351
     164       2.4825       0.8293
     165       2.8950       1.1514
     166       1.9760       0.9028
     167       1.8442       0.7384
     168       2.1108       0.8527
     169       2.0314       0.6974
     170       1.3264       0.4625
     171       0.8816       0.3837
     172       0.6396       0.2863
     173       0.8401       0.2585
     174       0.9907       0.2609
     175       1.2157       0.3321
     176       1.8313       0.3721
     177       1.9941       0.4806
     178       2.2651       0.5299
     179       1.9476       0.4343
     180       1.5875       0.4015
     181       2.0942       0.5144
     182       2.3037       0.5264
     183       1.9640       0.4278
     184       2.0521       0.5324
     185       2.8236       0.6649
     186       2.5217       0.5599
     187       2.2380       0.5934
     188       3.0052       0.7661
     189       3.5269       0.7906
     190       2.9573       0.8267
     191       3.5663       0.9009
     192       2.5739       0.7647
     193       2.5439       0.7417
     194       1.8562       0.5860
     195       1.4683       0.5303
     196       1.5437       0.4097
     197       1.4861       0.4328
     198       2.5533       0.4844
     199       7.3833       0.5763
     200       8.8091       0.7623
     201       7.1914       0.8668
     202       4.3847       0.8114
     203       5.0223       0.6779
     204       4.8843       0.8194
     205       2.6181       0.7622
     206       1.7547       0.7251
     207       3.5848       1.0320
     208       3.3466       0.9677
     209       3.2425       0.8480
     210       3.5680       1.1013
     211       3.4272       1.2664
     212       2.9903       0.9745
     213       2.8324       1.0780
     214       2.4282       0.7780
     215       1.9212       0.6689
     216       1.4642       0.5280
     217       0.9565       0.4322
     218       1.0068       0.3110
     219       1.1517       0.2847
     220       1.3217       0.3289
     221       2.1144       0.3631
     222       3.1605       0.4328
     223       4.7243       0.5311
     224       5.1488       1.6058
     225       5.6393       1.2504
     226       2.8140       0.6472
     227       2.3897       0.9915
     228       1.6424       0.6996
     229       1.9316       0.6983
     230       1.3816       0.4922
     231       1.0466       0.3676
     232       0.7368       0.2488
     233       0.6578       0.2463
     234       0.8093       0.3424
     235       0.9648       0.2733
     236       1.1839       0.4198
     237       1.2160       0.4214
     238       1.2174       0.4487
     239       0.8608       0.3336
     240       1.3176       0.4016
     241       1.0481       0.4079
     242       1.1690       0.3881
     243       1.4441       0.4983
     244       2.1036       0.9197
     245       2.5631       1.1627
     246       2.5599       0.9286
     247       1.6269       0.7114
     248       1.3044       0.6047
     249       1.0691       0.4323
     250       0.9063       0.2803
     251       1.0459       0.3742
     252       1.4376       0.5808
     253       1.9688       0.6288
     254       2.0856       0.9872
     255       1.6718       0.6964
     256       1.4521       0.4771
     257       0.9880       0.3440
     258       0.9466       0.2768
     259       0.9501       0.3168
     260       1.1693       0.2678
     261       1.0131       0.3029
     262       0.7744       0.2908
     263       1.2247       0.2720
     264       1.3984       0.3096
     265       0.8335       0.3507
     266       0.8172       0.3313
     267       1.3766       0.3335
     268       1.4967       0.4642
     269       1.0517       0.4992
     270       1.0247       0.4823
     271       2.0926       0.5893
     272       2.2083       0.6262
     273       2.7198       0.7182
     274       2.9839       0.8315
     275       3.0302       0.8825
     276       2.3181       0.5919
     277       1.8515       0.7239
     278       2.3843       1.0194
     279       1.9171       0.5226
     280       1.7727       0.5040
     281       1.4812       0.3866
     282       1.0854       0.3025
     283       0.9906       0.3194
     284       1.0607       0.4249
     285       2.9464       0.7540
     286       2.2279       0.5468
     287       1.3202       0.3575
     288       1.2042       0.3867
     289       1.2434       0.4097
     290       1.2705       0.4972
     291       1.7746       0.4389
     292       1.8926       0.4395
     293       2.2120       0.4572
     294       1.3799       0.3661
     295       1.2139       0.2970
     296       1.1314       0.2985
     297       0.9427       0.3114
     298       0.9360       0.3042
     299       0.9886       0.2505
     300       0.9020       0.2953
     301       0.9473       0.2923
     302       0.9800       0.2844
     303       0.9656       0.3056
     304       1.0039       0.3051
     305       0.8785       0.2894
     306       0.9947       0.3282
     307       1.5526       0.3858
     308       2.3811       0.5577
     309       2.0450       0.6172
     310       2.8203       0.7587
     311       2.9466       0.7773
     312       2.4382       0.7768
     313       1.6156       0.5949
     314       1.0162       0.3976
     315       1.2575       0.3476
     316       0.9362       0.2868
     317       0.9121       0.3157
     318       0.9019       0.3225
     319       1.1159       0.3617
     320       1.7901       0.4473
     321       1.9147       0.4857
     322       1.2750       0.4599
     323       1.2407       0.4456
     324       1.1801       0.4161
     325       2.0906       0.6361
     326       2.2862       0.7134
     327       1.1907       0.4819
     328       1.5624       0.4962
     329       1.0570       0.4071
     330       1.0715       0.3485
     331       0.9203       0.3171
     332       0.8263       0.3167
     333       0.8460       0.3526
     334       0.9293       0.4149
     335       1.1751       0.4875
     336       3.0563       0.6105
     337       2.1710       0.6482
     338       1.7018       0.5314
     339       1.8699       0.4810
     340       2.1192       0.5669
     341       1.7508       0.5188
     342       1.5073       0.4459
     343       1.8916       0.5139
     344       1.9443       0.5934
     345       1.5844       0.4818
     346       1.7302       0.4750
     347       2.3323       0.6307
     348       1.7028       0.6088
     349       1.4826       0.5539
     350       1.6469       0.5698
     351       1.5204       0.3938
     352       1.2139       0.3249
     353       1.1596       0.3137
     354       0.6891       0.2483
     355       0.8228       0.2592
     356       1.2107       0.3393
     357       1.0128       0.3268
     358       0.8996       0.2879
     359       1.1129       0.3386
     360       1.2642       0.4147
     361       1.1563       0.4052
     362       1.2698       0.4541
     363       1.4109       0.5456
     364       1.5186       0.5615
     365       1.7070       0.5938
     366       1.6722       0.5907
     367       1.9976       0.6074
     368       2.1720       0.6740
     369       1.9775       0.5517
     370       2.3870       0.6024
     371       1.9184       0.4554
     372       1.7136       0.4630
     373       2.0457       0.5829
     374       2.5335       0.6016
     375       2.1417       0.5226
     376       1.8904       0.5568
     377       1.5224       0.5754
     378       1.6722       0.6184
     379       1.4797       0.5386
     380       1.4064       0.5517
     381       1.3769       0.5957
     382       1.3839       0.6655
     383       1.9430       0.6719
     384       2.3753       0.9309
     385       2.0450       0.8966
     386       1.8163       0.7240
     387       1.6473       0.6621
     388       1.8394       0.5543
     389       2.0021       0.5780
     390       1.6708       0.5996
     391       1.7476       0.6958
     392       1.4069       0.6515
     393       1.7044       0.6587
     394       1.6771       0.7860
     395       2.1772       0.9115
     396       2.1509       0.7959
     397       2.0927       0.6988
     398       1.9685       0.5783
     399       1.8523       0.5946
     400       1.8219       0.5179
     401       1.7227       0.5435
     402       1.4979       0.4141
     403       1.6707       0.3950
     404       1.2546       0.2777
     405       0.8575       0.3990
     406       1.0547       0.2792
     407       1.1949       0.3306
     408       1.2283       0.3734
     409       1.4586       0.4256
     410       1.6876       0.5398
     411       2.0267       0.6715
     412       1.6934       0.6747
     413       1.8702       0.7281
     414       1.8363       0.6450
     415       1.4700       0.5480
     416       1.5222       0.5188
     417       1.7894       0.5584
     418       1.8375       0.5167
     419       1.5902       0.4626
     420       1.7415       0.5252
     421       2.1136       0.5915
     422       2.0290       0.4979
     423       1.8379       0.5149
     424       2.2432       0.6793
     425       2.1443       0.8646
     426       2.4525       0.7506